# X Y Z  nframes  frame0 x0 y0  frame1 x1 y1 ...
0.000089 0.001490 0.010242  4  0 337.694336 386.123322 1 432.500000 402.500000 2 506.975647 399.865906 3 623.673218 407.025269
-0.000348 0.001472 0.010205  3  0 301.324829 384.500000 1 397.004944 402.500000 2 472.079681 403.751556
-0.000871 0.001475 0.010553  4  0 260.016052 381.623352 1 352.750000 399.572357 3 537.500000 414.500000 4 627.500000 419.248901
-0.000726 0.001447 0.010426  3  0 270.893372 380.166260 2 436.539673 402.142242 3 571.500000 412.072845
-0.000901 0.001434 0.010538  3  0 257.252136 378.224152 1 350.282013 396.951538 2 420.345917 400.993744
-0.001005 0.001429 0.010721  5  0 250.310364 376.500000 1 341.456696 394.779938 2 409.309540 398.554962 3 520.624695 410.644867 4 608.951172 416.100433
0.001250 0.001424 0.011537  3  0 422.571259 367.053253 1 504.134155 378.250458 2 560.142334 370.626434
-0.002387 0.001333 0.011510  3  0 153.632156 361.257080 1 237.885529 383.232422 2 294.500000 394.416626
-0.002177 0.001306 0.011397  3  0 167.556458 360.375000 1 252.743317 380.797974 2 310.644897 392.500000
0.001830 0.001355 0.012263  3  0 457.344513 356.454498 1 533.641602 365.316132 2 579.817383 354.715515
-0.000747 0.001345 0.012965  3  0 281.525665 350.500000 1 353.849274 366.500000 2 397.500000 368.500000
-0.000863 0.001348 0.012835  3  0 273.234436 351.310577 1 346.725159 367.382019 2 391.259033 370.910706
-0.004973 0.000940 0.013827  3  0 23.898281 320.500000 1 90.500000 345.433624 2 118.865196 366.177246
