1447.160171085418400  0.000000000000000  0.000000000000000  1.000000000000000  0.000000000000000  0.999977351824783  0.003767733324368  0.003782327946626  -0.004098050560352  0.338166933666352  -0.735334902416626  2.709188263902631
1459.464673386344000  0.000000000000000  0.000000000000000  1.000000000000000  0.000000000000000  0.983726816228435  -0.009649163531091  0.109207844364701  0.142344973235564  -1.885673538981059  -0.257273007508766  2.861436120465831
1688.768156134789700  0.000000000000000  0.000000000000000  1.000000000000000  0.000000000000000  0.963178981242456  0.170067407381198  -0.167256944634125  -0.124050157239080  9.071758385254077  7.747647806063659  5.452914471852715
1705.993953028463200  0.000000000000000  0.000000000000000  1.000000000000000  0.000000000000000  0.929798009748453  0.259407784731512  -0.230063116558988  -0.123507994428175  9.668125460551487  6.714085577939584  9.520727158860836
810.965312792797250  0.000000000000000  0.000000000000000  1.000000000000000  0.000000000000000  0.634410443655273  0.234208970211646  -0.008499567075429  0.736612044846573  0.050399662200461  -4.505894895757359  0.504548344824999
1710.519707780057800  0.000000000000000  0.000000000000000  1.000000000000000  0.000000000000000  0.973623564543159  0.221882039707661  0.052790358117922  -0.006220378704077  7.854193404577130  -1.427883159607547  4.804741290374395
2036.860204874327300  0.000000000000000  0.000000000000000  1.000000000000000  0.000000000000000  0.974126279851109  0.047113528270574  -0.163658385481289  -0.148574019327047  6.935647852636375  2.625685079109037  8.383115297557252
1417.752310838311600  0.000000000000000  0.000000000000000  1.000000000000000  0.000000000000000  0.993542401467434  -0.009751591385843  -0.068879191428722  -0.089632917724976  2.267941127753481  0.947384821199707  2.078987314866740
1343.740483912731600  0.000000000000000  0.000000000000000  1.000000000000000  0.000000000000000  0.971540262965705  0.165969023335243  -0.127578482495435  -0.110849138624690  8.087510129852124  6.462220432198735  4.267543328996133
1471.022505588552800  0.000000000000000  0.000000000000000  1.000000000000000  0.000000000000000  0.952798776444274  0.143622302122677  -0.212543123782909  -0.162396263725125  8.911950469991851  8.821827876630737  7.186908378744829
1611.191690947655800  0.000000000000000  0.000000000000000  1.000000000000000  0.000000000000000  0.997614269389529  -0.042717925780801  -0.020533113073653  -0.050193023368661  0.207829999253350  -0.617546902663597  1.734090339548401
1307.857031796278500  0.000000000000000  0.000000000000000  1.000000000000000  0.000000000000000  0.960362298115944  0.268743364739486  0.072865158784729  -0.013112166153547  -0.656144307951302  -2.248128151430755  2.347064453698789
1685.159446648095100  0.000000000000000  0.000000000000000  1.000000000000000  0.000000000000000  0.985558960054324  0.054217649764601  -0.099674080077928  -0.125694313599546  4.419424610084424  3.176789923719117  2.207273119883293
1367.806968875420800  0.000000000000000  0.000000000000000  1.000000000000000  0.000000000000000  0.991501234621639  0.121538242236961  0.018786889049621  -0.042435954302371  6.893397136311929  0.067457917464869  5.162427656089419
1664.065235662097200  0.000000000000000  0.000000000000000  1.000000000000000  0.000000000000000  0.967697726338369  0.249031170151845  0.033966670188971  -0.019769978468080  7.203877049204976  -1.621435600204191  4.961027808664110
1936.953486379973600  0.000000000000000  0.000000000000000  1.000000000000000  0.000000000000000  0.998049197813525  -0.030388135521178  0.008076864882830  -0.053936297768660  -0.130197113403260  -0.484169613623143  2.266868692525230
1360.620014849355800  0.000000000000000  0.000000000000000  1.000000000000000  0.000000000000000  0.922949275523433  0.253002065862046  0.272872446167715  0.098464296081146  1.913401541836510  -2.352000297143822  1.598889794019291
1698.337170985886800  0.000000000000000  0.000000000000000  1.000000000000000  0.000000000000000  0.940182747033484  0.252591504462236  -0.177553115912753  -0.143975084940928  -1.105265648329894  -2.102768387800654  1.299693238621083
1437.552137337141200  0.000000000000000  0.000000000000000  1.000000000000000  0.000000000000000  0.916001774682018  0.244160135214720  0.297541925784943  0.113116663456411  0.737093552295918  -2.326027891190367  2.002220825537016
1156.627137738691100  0.000000000000000  0.000000000000000  1.000000000000000  0.000000000000000  0.916316998740617  0.345710594965529  0.196454423123688  0.047465798030856  0.356575063646222  -2.719615210158616  2.011294060869890
1906.711495437303000  0.000000000000000  0.000000000000000  1.000000000000000  0.000000000000000  0.912669468770676  0.309129846615841  0.252212616035032  0.088667778915929  4.272727220778989  -2.687916843151448  2.132256719950170
1285.953757755668400  0.000000000000000  0.000000000000000  1.000000000000000  0.000000000000000  0.934001695162027  0.222414619143009  0.257745120573275  0.108351388761747  -0.964431999319643  -1.385698616576390  2.023939498322139
1562.456591897131400  0.000000000000000  0.000000000000000  1.000000000000000  0.000000000000000  0.920850031862440  0.298260340199766  0.239143779356504  0.076721842248158  7.046924268085413  -2.453530140048039  1.372399300237062
2424.365823900597700  0.000000000000000  0.000000000000000  1.000000000000000  0.000000000000000  0.938766954620291  0.193666767592576  0.260152560689897  0.116320390343556  -0.552443208758695  -1.684736166980060  2.716814411010997
1596.939102500453400  0.000000000000000  0.000000000000000  1.000000000000000  0.000000000000000  0.910572467935267  0.336375348422865  0.232254143064286  0.061379301406481  -4.187339246101674  -2.976668155791316  4.556482083451401
2132.905930618077500  0.000000000000000  0.000000000000000  1.000000000000000  0.000000000000000  0.903121495675128  0.389873427623535  -0.160320488196666  -0.081655468567506  4.398825330289785  19.056744668184788  1.473900334690161
1068.893897511911300  0.000000000000000  0.000000000000000  1.000000000000000  0.000000000000000  0.890148950532987  0.257339735984611  -0.337801890797345  -0.165230108400775  8.343949924738185  6.647173760372962  12.948258527965489
1701.448072679868100  0.000000000000000  0.000000000000000  1.000000000000000  0.000000000000000  0.903412591074965  0.336970309196957  -0.244970705568446  -0.101420187439301  9.594141457001260  5.030857939764040  10.681266679371912
1700.678980201893400  0.000000000000000  0.000000000000000  1.000000000000000  0.000000000000000  0.903624715558526  0.306349293864084  0.281457780160822  0.101950976295926  -1.248047996980275  -2.382176182772677  3.470052332900071
1858.018050009766300  0.000000000000000  0.000000000000000  1.000000000000000  0.000000000000000  0.919811937929768  0.257388926221684  0.280610555866060  0.094629041191775  1.441398222331779  -2.299612084144220  2.133846670229145
804.077653518397030  0.000000000000000  0.000000000000000  1.000000000000000  0.000000000000000  0.929516029517296  0.199700423318310  0.281634311973980  0.129621781023998  1.967053595395802  -2.004334219407061  1.520418067718795
1469.779545542022800  0.000000000000000  0.000000000000000  1.000000000000000  0.000000000000000  0.915075161569252  0.355094415873206  0.185911796133242  0.044522000776980  -1.513882040792856  -2.541828671428411  2.457786489706598
1891.540200337499300  0.000000000000000  0.000000000000000  1.000000000000000  0.000000000000000  0.949738455762974  0.304944754063968  -0.067009695291372  -0.022699413005318  -1.389067117168819  -2.408198650563061  1.771498581723880
1688.474367346707400  0.000000000000000  0.000000000000000  1.000000000000000  0.000000000000000  0.901021770787129  0.314501314517960  0.282085837588109  0.098368043420191  1.154679517824272  -2.534641634366601  1.662215453264044
1260.468409786060900  0.000000000000000  0.000000000000000  1.000000000000000  0.000000000000000  0.905183949173217  0.292582685958111  0.288138653323825  0.109606142608195  1.286095166170537  -2.610275447423609  1.868869870944089
1366.024147830119500  0.000000000000000  0.000000000000000  1.000000000000000  0.000000000000000  0.910830938156008  0.321254201205861  0.247714322763474  0.076291248536539  6.866347299057134  -2.763443366082028  2.190451848722720
1059.940830847378000  0.000000000000000  0.000000000000000  1.000000000000000  0.000000000000000  0.910902372465455  0.258585507686691  0.297882312404711  0.121064160706805  -0.494359454942143  -1.667485457183755  2.101426257397892
1310.706399622083800  0.000000000000000  0.000000000000000  1.000000000000000  0.000000000000000  0.898778838174447  0.313217520045632  0.291734554092619  0.094775182060682  1.194463996100441  -2.343532337130692  1.204591046710225
1711.876093555891000  0.000000000000000  0.000000000000000  1.000000000000000  0.000000000000000  0.905915976865383  0.303470333632727  0.278309460654255  0.098822282786918  -0.180271444581174  -2.560990780460018  2.798242275702672
1727.161263947742100  0.000000000000000  0.000000000000000  1.000000000000000  0.000000000000000  0.904792458896581  0.382759228592561  -0.174333543417353  -0.066736758167114  5.427108127121270  18.802467353490449  -0.023566615076616
1662.948684131897600  0.000000000000000  0.000000000000000  1.000000000000000  0.000000000000000  0.948119939539011  0.165545464036405  0.243423299512728  0.120034898424789  -15.894716162564015  8.224568433590241  22.372914698412018
1593272.752471974100000  0.000000000000000  0.000000000000000  1.000000000000000  0.000000000000000  0.945067001637981  0.210645379582715  -0.221614127566665  -0.115603049000952  -11.736208207086722  8.305706632426052  29843.963971139052000
1358.129534932528900  0.000000000000000  0.000000000000000  1.000000000000000  0.000000000000000  0.922311999610208  0.271120838981494  0.254447899745667  0.105310646945163  3.251032351855530  -2.643596127894419  2.751261109211049
1446.886486724716600  0.000000000000000  0.000000000000000  1.000000000000000  0.000000000000000  0.934099975484913  0.355621127326121  0.016386743564778  -0.026876090372779  0.374241716523970  -2.695194178317717  2.132139480078651
2019.284378429822000  0.000000000000000  0.000000000000000  1.000000000000000  0.000000000000000  0.909016320041610  0.252283445528996  0.310020034216025  0.118025299807804  -0.465775598401642  -2.108175419448466  3.144516281136224
1466.938600213298500  0.000000000000000  0.000000000000000  1.000000000000000  0.000000000000000  0.920626157016870  0.364368272158339  0.137901972762737  0.025812538984803  -1.446438730366163  -2.817293795585380  2.790628849631580
1167.989394096848900  0.000000000000000  0.000000000000000  1.000000000000000  0.000000000000000  0.903452285334184  0.304342716774741  0.286208057348487  0.096095924884542  -4.246051967531669  -1.991486019915863  3.769348717321032
1905.338301212812400  0.000000000000000  0.000000000000000  1.000000000000000  0.000000000000000  0.584893467779207  0.391690313269856  0.003574568094629  0.710257384546414  2.244571656248106  14.413465826196578  23.925139753834358
1763.630560132028200  0.000000000000000  0.000000000000000  1.000000000000000  0.000000000000000  0.902307105756801  0.310941298904908  0.283698694687326  0.093125969357754  -1.395885280983843  -2.437555371113651  3.702508179599448
1796.029092202136600  0.000000000000000  0.000000000000000  1.000000000000000  0.000000000000000  0.923632026306448  0.316567559888952  0.209101078529114  0.054457313236707  -17.879243686980935  -0.151676753005471  23.709237832399591
1665.235437744949900  0.000000000000000  0.000000000000000  1.000000000000000  0.000000000000000  0.920083062270098  0.292907542200726  0.239567521346615  0.101290339921673  3.984639768254444  -1.317050449459013  1.966084512658417
1850327.503199714200000  0.000000000000000  0.000000000000000  1.000000000000000  0.000000000000000  0.939250082321314  0.243642362440684  -0.219858644040729  -0.100547793234354  -10.213161999775782  7.198326016233589  38815.337548073563000
2005.361464233944400  0.000000000000000  0.000000000000000  1.000000000000000  0.000000000000000  0.898684014142284  0.309535071433883  0.295371691742530  0.096491688733733  -0.779123268076766  -2.456580172532463  2.449652458544403
1817.699882155621900  0.000000000000000  0.000000000000000  1.000000000000000  0.000000000000000  0.933122728218561  0.235925350598975  0.256287376135608  0.089095363853718  5.384427174113477  -1.873265257433786  3.391031022463686
1851.914896880165800  0.000000000000000  0.000000000000000  1.000000000000000  0.000000000000000  0.884277797876677  0.308158987880086  0.331089856446849  0.116061713450650  -2.165738580693962  17.894993353309161  -0.742435412918514
1761.548250308145700  0.000000000000000  0.000000000000000  1.000000000000000  0.000000000000000  0.916559574209032  0.318852902985983  0.227297651309148  0.081161264729639  5.316878470224659  -2.601848491700160  2.426912761074796
1336.363700575171800  0.000000000000000  0.000000000000000  1.000000000000000  0.000000000000000  0.933985043585390  0.252235591618690  0.228433700231049  0.108936629644570  6.034155098357521  -2.379949342047547  1.316476148426665
1345.659613588079300  0.000000000000000  0.000000000000000  1.000000000000000  0.000000000000000  0.921614076740592  0.338643016866303  0.179473410092530  0.061136697253236  -1.183660153425241  -2.693976105779354  2.681785421507431
1631.861489617505000  0.000000000000000  0.000000000000000  1.000000000000000  0.000000000000000  0.571715797116584  0.466723120767645  -0.101559907785888  0.667080325747043  18.166270399576092  -0.790396362995425  -1.372799827685708
1057.926337856722500  0.000000000000000  0.000000000000000  1.000000000000000  0.000000000000000  0.903399615919904  0.356953836054823  0.225738729517527  0.074129069043991  -1.365171896689033  -2.705595270033995  2.877281240433642
1344.964414930205700  0.000000000000000  0.000000000000000  1.000000000000000  0.000000000000000  0.927248071502096  0.249907308925284  0.260779099461977  0.098750251266348  3.863878717354955  -2.272021067743661  2.324232032595712
1715.230291998035900  0.000000000000000  0.000000000000000  1.000000000000000  0.000000000000000  0.949341796554743  0.209546098132136  0.206146729139832  0.111104059947237  7.227625406156618  1.650575409055249  -1.324660777282703
1717.207863290818500  0.000000000000000  0.000000000000000  1.000000000000000  0.000000000000000  0.917074904926372  0.300388759122485  0.250923393887346  0.076010937023536  -0.439010410543520  -2.312048123245787  2.610104120204660
1696.003970660046900  0.000000000000000  0.000000000000000  1.000000000000000  0.000000000000000  0.922735506850454  0.233341959930826  0.262459579556387  0.158825952640493  1.588025809468154  -2.197166386765836  1.888036709257149
1692.918071389722900  0.000000000000000  0.000000000000000  1.000000000000000  0.000000000000000  0.927133759044462  0.372909623715577  -0.026897488413212  -0.025257286027074  10.444517523658378  -3.186329514265512  7.850296061583736
1471.268339358132400  0.000000000000000  0.000000000000000  1.000000000000000  0.000000000000000  0.915648353895189  0.282306159286205  0.266873338118657  0.103295429906206  0.762221496697253  -2.408210726820428  1.763479328328608
1723.384987894700300  0.000000000000000  0.000000000000000  1.000000000000000  0.000000000000000  0.889202237263383  0.345526561373027  -0.271627276702672  -0.127080286365024  8.780605655415602  15.335358725458107  10.049959014916217
1456.096225193666000  0.000000000000000  0.000000000000000  1.000000000000000  0.000000000000000  0.894116671135478  0.354615833718106  0.264790653464932  0.068475533671804  1.807967745428570  -2.922952994851324  2.319029791895479
1772.628791486080700  0.000000000000000  0.000000000000000  1.000000000000000  0.000000000000000  0.905784453081299  0.310732403087759  0.270822987028800  0.098258882165009  1.671533940477969  -2.755961533969794  2.264260483017353
1470.401750712920100  0.000000000000000  0.000000000000000  1.000000000000000  0.000000000000000  0.896983216237794  0.371243681410189  -0.216852734586252  -0.102830590308415  7.509901236314487  18.835367348184754  5.873328622781607
1354.084557885905700  0.000000000000000  0.000000000000000  1.000000000000000  0.000000000000000  0.914311932971839  0.309553145541056  0.250496130069550  0.073906888252154  -0.093772244371464  -2.654023349309886  3.928685490495355
1698.305031484348500  0.000000000000000  0.000000000000000  1.000000000000000  0.000000000000000  0.719322466087500  0.039597653267148  0.365223346708108  -0.589592335988911  0.648257656003250  4.166277363985174  0.039436330351376
1633.333567890548200  0.000000000000000  0.000000000000000  1.000000000000000  0.000000000000000  0.969227625761913  0.159299517611059  0.168297153304270  0.083051437907405  4.599260127243683  -1.450730556966922  3.191720017928879
1705.731531097057100  0.000000000000000  0.000000000000000  1.000000000000000  0.000000000000000  0.736787212390482  -0.033799569642171  0.262912089724540  -0.621996323000821  1.398884377897671  5.177049108617190  2.387179484768664
2307.241638533610500  0.000000000000000  0.000000000000000  1.000000000000000  0.000000000000000  0.914200515282732  0.236639047251580  -0.278991019384128  -0.174365679752802  9.506239452549444  16.653802749375803  7.427895145082388
1646.375666469037200  0.000000000000000  0.000000000000000  1.000000000000000  0.000000000000000  0.704966780502996  0.078088985233902  0.367420771436374  -0.601602797109090  2.819150980627918  5.953961694260202  2.147318882982113
1587.992231793440400  0.000000000000000  0.000000000000000  1.000000000000000  0.000000000000000  0.711444598008251  0.062912803211362  0.377056995548391  -0.589674982736242  0.420796720076489  4.274083104165567  0.473355058161489
1621.054162955316300  0.000000000000000  0.000000000000000  1.000000000000000  0.000000000000000  0.906760421872916  0.354718265297157  -0.206195381795871  -0.097180008826312  -1.915737166168724  -3.002226485427772  1.140626512478795
1780.031908499903900  0.000000000000000  0.000000000000000  1.000000000000000  0.000000000000000  0.899105242536637  0.314989211677988  0.287878018480157  0.097559242747946  -1.710620355439316  -2.694036830984618  3.478335610228101
1347.140480231321400  0.000000000000000  0.000000000000000  1.000000000000000  0.000000000000000  0.925452161541896  0.233128082907715  0.275713969116340  0.114766723797967  1.337679183848183  -2.174677503408130  1.388453941637508
1573.262770704867300  0.000000000000000  0.000000000000000  1.000000000000000  0.000000000000000  0.936725888099808  0.292091416316202  0.174989152472092  0.081277374435448  6.859127117349781  -2.679874007426951  2.922866979989613
1711.354341992248000  0.000000000000000  0.000000000000000  1.000000000000000  0.000000000000000  0.931236980487338  0.357882451215277  0.067524965548534  0.012578406601749  -0.698155049845173  -2.492420169959748  1.987990906365198
1671.408844037730000  0.000000000000000  0.000000000000000  1.000000000000000  0.000000000000000  0.958320671264333  0.165610255097553  0.213719610304245  0.092296601266809  -16.489316173553668  7.092783521293100  20.756496805716019
1678.443458673605600  0.000000000000000  0.000000000000000  1.000000000000000  0.000000000000000  0.928701432313810  0.295690351515399  0.214168538764800  0.064905336008124  4.897994686457949  -2.506571525677654  2.560018952380946
1203.163518137383100  0.000000000000000  0.000000000000000  1.000000000000000  0.000000000000000  0.914193818216216  0.358822536985347  -0.169527694674305  -0.082197386972280  -0.867335096375081  -2.802142583039643  1.524236448520705
1363.160090091307400  0.000000000000000  0.000000000000000  1.000000000000000  0.000000000000000  0.937417776681561  0.236736984824173  0.234120314659067  0.101937187727038  6.475267355173129  -2.422816942356960  2.089770518340899
2032.036016229251800  0.000000000000000  0.000000000000000  1.000000000000000  0.000000000000000  0.860994775932815  0.307759097627869  0.383655164888180  0.129541684790283  -15.798145750436342  2.082226790598324  33.218688371963864
1470.479265821809100  0.000000000000000  0.000000000000000  1.000000000000000  0.000000000000000  0.874153370728939  0.402091600090559  -0.252353272282827  -0.102450258896686  8.761451170718521  19.388713407997638  0.309727149575666
