1430.031943271168100  0.000000000000000  0.000000000000000  1.000000000000000  0.000000000000000  0.999947752852099  0.008471844219783  -0.005585805055430  -0.001232153982293  0.730309956826107  -0.264908184710434  1.712789262733718
1432.137454129868500  0.000000000000000  0.000000000000000  1.000000000000000  0.000000000000000  0.985013722604515  -0.007487235087500  0.092060169600838  0.145659990267076  -1.059047615234955  -0.036017862414346  1.572034017580378
1572.047059037526400  0.000000000000000  0.000000000000000  1.000000000000000  0.000000000000000  0.969252897486787  0.152386708195895  -0.158742307586684  -0.110127161321541  8.503448329590901  6.749960362966874  3.638381438444709
1582.529610448549600  0.000000000000000  0.000000000000000  1.000000000000000  0.000000000000000  0.936611225547343  0.248345024563811  -0.221710535243141  -0.109218128144112  9.130686471035151  5.951583325862206  7.645770987060352
809.502633065042570  0.000000000000000  0.000000000000000  1.000000000000000  0.000000000000000  0.632246053822870  0.236844759327304  -0.006786033030140  0.737647230836200  0.513896612575073  -3.936147325257176  -0.185634650784377
1626.489061633222700  0.000000000000000  0.000000000000000  1.000000000000000  0.000000000000000  0.971192669225997  0.228776307631354  0.066665769253398  0.001369495564175  6.703616240135391  -0.569500531202122  2.577297696937702
1840.491956253821400  0.000000000000000  0.000000000000000  1.000000000000000  0.000000000000000  0.976188623104007  0.041429059945651  -0.155113757129296  -0.145873669534825  6.281948657277159  2.389613027314111  5.126380519725043
1380.366277658965800  0.000000000000000  0.000000000000000  1.000000000000000  0.000000000000000  0.993592179018301  -0.009759264698246  -0.072750912780407  -0.085945582991988  2.325841901661935  1.087449775686539  0.883303210747210
1265.874173055913800  0.000000000000000  0.000000000000000  1.000000000000000  0.000000000000000  0.976177764125298  0.150920203511405  -0.120563732176552  -0.098815239123679  7.568677277016137  5.669776706214061  2.753442410854103
1300.643748286015400  0.000000000000000  0.000000000000000  1.000000000000000  0.000000000000000  0.958376200852101  0.121872257798600  -0.203385193176831  -0.159049280462967  8.390652181877487  7.635632488275059  4.039314607418993
1614.581658280574900  0.000000000000000  0.000000000000000  1.000000000000000  0.000000000000000  0.997718373354488  -0.037009493281699  -0.029700396574818  -0.048023237304514  0.594406130974277  -0.147529219639047  1.103453405850792
1300.512378139985200  0.000000000000000  0.000000000000000  1.000000000000000  0.000000000000000  0.959410196581407  0.275470165372900  0.060011538954331  -0.006846742100129  0.016460164136564  -1.320109956147459  1.681774263003038
1614.874171579050000  0.000000000000000  0.000000000000000  1.000000000000000  0.000000000000000  0.986806083031865  0.047483699112965  -0.099288437692488  -0.118747037649128  4.215404155006671  2.917053010347386  0.864541202245829
1321.445094552251000  0.000000000000000  0.000000000000000  1.000000000000000  0.000000000000000  0.991265272351857  0.123526798663901  0.028164351304741  -0.036620474554937  6.051986897946920  0.441576994474963  3.401970334106039
1563.923136637185300  0.000000000000000  0.000000000000000  1.000000000000000  0.000000000000000  0.964745030586764  0.258433575194829  0.048137635698179  -0.012723254283093  5.985142376328913  -0.592804993577222  2.380683598488252
1918.246140158599000  0.000000000000000  0.000000000000000  1.000000000000000  0.000000000000000  0.998342664316233  -0.025560184598913  -0.002438057266459  -0.051503955634491  0.306505129958404  -0.042021910347109  1.330570070571400
