404.856115915953980  0.000000000000000  0.000000000000000  1.000000000000000  0.000000000000000  0.999898582627441  -0.006979240413320  0.010146653098800  0.007152628452575  -0.052348678995696  -0.110171417270977  -1.173502088142338
405.221191541531030  0.000000000000000  0.000000000000000  1.000000000000000  0.000000000000000  0.999797761445454  -0.007150977287352  0.016285042739745  0.009386006363706  -0.025535111951878  -0.124116817370631  -0.800314650881249
406.946692128755670  0.000000000000000  0.000000000000000  1.000000000000000  0.000000000000000  0.999932837079976  -0.006180976727494  0.005307267041280  0.008243165195261  -0.057163028249123  -0.100883977763600  -1.344643991115149
404.413285648533470  0.000000000000000  0.000000000000000  1.000000000000000  0.000000000000000  0.999867074120014  -0.006403034023924  0.014053300581291  0.005228765508426  -0.040879452950475  -0.115502915605943  -0.990300968448331
409.042920070714560  0.000000000000000  0.000000000000000  1.000000000000000  0.000000000000000  0.999942539841502  -0.006046419719575  0.002840343169623  0.008383929542850  -0.066081102595389  -0.092534653554371  -1.509634004619094
405.086107590451490  0.000000000000000  0.000000000000000  1.000000000000000  0.000000000000000  0.999851851465366  -0.005494801618630  0.014373525780328  0.007712589260018  -0.005770366012249  -0.128697960131436  -0.607306192756570
410.334984930231830  0.000000000000000  0.000000000000000  1.000000000000000  0.000000000000000  0.999945306872511  -0.005980443119857  0.001712068633296  0.008407519534598  -0.080553168932377  -0.087924121683205  -1.672908339949298
405.522499804906890  0.000000000000000  0.000000000000000  1.000000000000000  0.000000000000000  0.999845754657555  -0.006714800720497  0.012655913887616  0.010159044650878  0.014940364283264  -0.137891780977792  -0.410057231654395
409.987032164781570  0.000000000000000  0.000000000000000  1.000000000000000  0.000000000000000  0.999936152417389  -0.007482841117801  0.000858045457309  0.008423890758225  -0.097080483645097  -0.088302633747040  -1.838424348382752
411.528649584942680  0.000000000000000  0.000000000000000  1.000000000000000  0.000000000000000  0.999941944435660  -0.007734466450384  -0.000214917735107  0.007499306456406  -0.110267297541372  -0.081343250575992  -1.996758529603216
404.255768637334600  0.000000000000000  0.000000000000000  1.000000000000000  0.000000000000000  0.999901517245205  -0.006502237942509  0.009839369929753  0.007606806942620  0.050636882907941  -0.155055871475561  -0.016378224735213
405.209803677948740  0.000000000000000  0.000000000000000  1.000000000000000  0.000000000000000  0.999866950599958  -0.007084548948827  0.011523554329256  0.009115808233724  0.033043060624253  -0.145695415700181  -0.209150335837163
410.861765461806390  0.000000000000000  0.000000000000000  1.000000000000000  0.000000000000000  0.999937015686378  -0.007391359847744  -0.000149029455455  0.008444539658435  -0.145439663316027  -0.068952397777725  -2.305433009505708
404.961350608456600  0.000000000000000  0.000000000000000  1.000000000000000  0.000000000000000  0.999900349464550  -0.006937169561556  0.008520465856597  0.008863886322088  0.070800334023573  -0.159038653327901  0.192747878486101
411.487946611053420  0.000000000000000  0.000000000000000  1.000000000000000  0.000000000000000  0.999942894644186  -0.007066993061827  -0.000206898146446  0.008013878762967  -0.126392448384345  -0.073356102195451  -2.153650295452349
412.218209426721220  0.000000000000000  0.000000000000000  1.000000000000000  0.000000000000000  0.999942834810475  -0.006313676982351  -0.000552139020002  0.008611604766585  -0.159824585326659  -0.057390969764696  -2.438019906112539
406.483070789741820  0.000000000000000  0.000000000000000  1.000000000000000  0.000000000000000  0.999942116685336  -0.006351240495651  0.003255378857821  0.008051554601935  0.104607002351496  -0.174220064654763  0.611697229709815
410.585980942583770  0.000000000000000  0.000000000000000  1.000000000000000  0.000000000000000  0.999931997031387  -0.007173003082823  -0.002948939248261  0.008709368341380  -0.180227674243357  -0.049134532616561  -2.724342150483139
408.701385869173750  0.000000000000000  0.000000000000000  1.000000000000000  0.000000000000000  0.822073309621158  -0.005975869097790  0.569263986803794  -0.009913421472460  -2.100699209484852  -0.083293887231021  -0.670647802615275
407.295504702389450  0.000000000000000  0.000000000000000  1.000000000000000  0.000000000000000  0.820929892534431  -0.006877406260336  0.570892883508755  -0.010398479965654  -1.955374371959379  -0.093127663465484  -0.625137216295472
412.326028743468950  0.000000000000000  0.000000000000000  1.000000000000000  0.000000000000000  0.999936436325748  -0.007068617434352  -0.001888974337843  0.008578445761367  -0.169586078098855  -0.054552979569418  -2.582980562325983
411.052981089905590  0.000000000000000  0.000000000000000  1.000000000000000  0.000000000000000  0.820185231988417  -0.007642673695390  0.572012284048511  -0.006302512554317  -1.631530823921483  -0.101466350248451  -0.523656191595629
405.798712718359240  0.000000000000000  0.000000000000000  1.000000000000000  0.000000000000000  0.999922625261741  -0.006698506505372  0.005734113681213  0.008774590620442  0.089497442135923  -0.166793548623462  0.404722012479727
408.087424755561130  0.000000000000000  0.000000000000000  1.000000000000000  0.000000000000000  0.820224583874868  -0.007478370492856  0.571931247280913  -0.008387750936395  -1.797501165768620  -0.096932498321220  -0.574334473354156
411.168690205425830  0.000000000000000  0.000000000000000  1.000000000000000  0.000000000000000  0.823659649793098  -0.005868796169367  0.566963080136338  -0.010158951547782  -2.234836465320084  -0.077790585997191  -0.716049103567962
411.259421397689780  0.000000000000000  0.000000000000000  1.000000000000000  0.000000000000000  0.826286264932323  -0.006003268782652  0.563119676051796  -0.010545121688899  -2.501013749393990  -0.071483207796809  -0.808833391242132
409.936499763016680  0.000000000000000  0.000000000000000  1.000000000000000  0.000000000000000  0.818281683919784  -0.008846727247197  0.574721910180507  -0.005616683797934  -1.470550916927617  -0.110293985418213  -0.471756437663161
411.904874716204920  0.000000000000000  0.000000000000000  1.000000000000000  0.000000000000000  0.824921955617840  -0.005627856899632  0.565136003855105  -0.009663928447537  -2.365725872880660  -0.072463784040563  -0.758840182297230
409.629109873091180  0.000000000000000  0.000000000000000  1.000000000000000  0.000000000000000  0.816793023481609  -0.009043263563326  0.576835550066532  -0.005303240079220  -1.299636258978297  -0.116773291040869  -0.419909064225456
408.133309089125360  0.000000000000000  0.000000000000000  1.000000000000000  0.000000000000000  0.813546454703042  -0.009994274189558  0.581393276404180  -0.004913112612962  -1.127678730964315  -0.127319459587381  -0.359527079908810
407.370110661008650  0.000000000000000  0.000000000000000  1.000000000000000  0.000000000000000  0.999950419817663  -0.005947032208444  -0.002598778356364  0.007552288755421  0.114663840972935  -0.181752063091114  0.813662601195406
413.495282080474620  0.000000000000000  0.000000000000000  1.000000000000000  0.000000000000000  0.827470327214209  -0.006758988196089  0.561380331894858  -0.009964768948433  -2.635014418603668  -0.070128549893825  -0.851613399725784
409.472706230742010  0.000000000000000  0.000000000000000  1.000000000000000  0.000000000000000  0.827701539365017  -0.004945910088078  0.561055941000178  -0.010096077188034  -2.898549897476562  -0.050552243212324  -0.930035761330671
412.426383203949910  0.000000000000000  0.000000000000000  1.000000000000000  0.000000000000000  0.999925740477568  -0.006552958082781  -0.004251047930052  0.009354189555994  -0.203108146339890  -0.037816488607564  -2.991583961687671
408.476635658634730  0.000000000000000  0.000000000000000  1.000000000000000  0.000000000000000  0.999880546768035  -0.006079011724800  -0.010310668268343  0.009778953480047  0.119032621147415  -0.188874234757197  1.010061854860512
412.366908822875530  0.000000000000000  0.000000000000000  1.000000000000000  0.000000000000000  0.999907157576713  -0.007788108593907  -0.004434711902034  0.010264254563017  -0.183243098740197  -0.047964177615230  -2.851871949391031
406.601641000799250  0.000000000000000  0.000000000000000  1.000000000000000  0.000000000000000  0.810737800384480  -0.008608593633630  0.585312911498209  -0.006237529709443  -0.949378068697671  -0.131333796605944  -0.303919555923065
409.620385256587380  0.000000000000000  0.000000000000000  1.000000000000000  0.000000000000000  0.827214126749012  -0.007010817384656  0.561747803748244  -0.010346107021148  -2.770655739124776  -0.064886894924630  -0.892439854445399
413.927141371913930  0.000000000000000  0.000000000000000  1.000000000000000  0.000000000000000  0.999908888706738  -0.007957416833377  -0.004641313577092  0.009866712262761  -0.217896278536114  -0.039592141837757  -3.127240461634812
410.117678916342190  0.000000000000000  0.000000000000000  1.000000000000000  0.000000000000000  0.999892664633710  -0.007014328893356  -0.006581113925948  0.011052028834956  0.161126630234053  -0.200095314930967  1.384868853838057
409.568835615189300  0.000000000000000  0.000000000000000  1.000000000000000  0.000000000000000  0.827660065943872  -0.006809861023206  0.561111783678523  -0.009274009474689  -3.299110968963467  -0.049749965205651  -1.032120167903074
408.965414082907220  0.000000000000000  0.000000000000000  1.000000000000000  0.000000000000000  0.828297379456872  -0.005798756782294  0.560177931182485  -0.009513728016362  -3.165905307041175  -0.047411934064865  -1.006208651840017
406.231848176294190  0.000000000000000  0.000000000000000  1.000000000000000  0.000000000000000  0.808963497399681  -0.012374222520006  0.587722622216951  -0.002656656984270  -0.766385547680217  -0.140986510998875  -0.251368137341423
408.793836440911320  0.000000000000000  0.000000000000000  1.000000000000000  0.000000000000000  0.999853414358173  -0.005236936615463  -0.012014829227649  0.011016722281099  0.131600328650112  -0.197030619811532  1.195928953034973
409.001100977821580  0.000000000000000  0.000000000000000  1.000000000000000  0.000000000000000  0.828361061708895  -0.006864736591236  0.560060195348247  -0.010168796513313  -3.030422621902358  -0.056365706699076  -0.973745020403924
409.339066800946110  0.000000000000000  0.000000000000000  1.000000000000000  0.000000000000000  0.999904378249842  -0.006605629023083  0.000567642256711  0.012135806700632  0.198518048596423  -0.210385065305154  1.562664968586450
409.381758256705610  0.000000000000000  0.000000000000000  1.000000000000000  0.000000000000000  0.825411255328138  -0.005373159547059  0.564415943201767  -0.010101078841792  -3.432702519107282  -0.043441971235520  -1.035447029944767
416.567026112342940  0.000000000000000  0.000000000000000  1.000000000000000  0.000000000000000  0.999924610604088  -0.006524121934660  -0.005238655227066  0.008986959032820  -0.226995998106478  -0.026605913097862  -3.258385955261339
409.065817438950550  0.000000000000000  0.000000000000000  1.000000000000000  0.000000000000000  0.821887986775760  -0.005255811191343  0.569539905731419  -0.009839177905490  -3.570748449097541  -0.040317903997987  -1.021901044565287
396.191476477726440  0.000000000000000  0.000000000000000  1.000000000000000  0.000000000000000  0.777695269567458  -0.003976723850021  -0.628527410589438  0.011293692821867  2.567538332321147  -0.087762579267449  -0.709381348701362
408.595977678561100  0.000000000000000  0.000000000000000  1.000000000000000  0.000000000000000  0.810768808626317  -0.011612869709802  0.585245517066513  -0.002600955462186  -0.386739380145881  -0.148883545312500  -0.153438447845114
417.520406848967700  0.000000000000000  0.000000000000000  1.000000000000000  0.000000000000000  0.336094090680278  -0.000634387057479  0.941602176786948  -0.020632509128553  -1.979554643736291  -0.101825574683818  2.822082281384548
398.180364547216870  0.000000000000000  0.000000000000000  1.000000000000000  0.000000000000000  0.778451650801344  -0.002396337023628  -0.627596489963934  0.011398715650542  2.819838157589727  -0.070230756853787  -0.804079489117237
400.088554905839660  0.000000000000000  0.000000000000000  1.000000000000000  0.000000000000000  0.781169451862754  -0.003063680961583  -0.624218353500932  0.010786495630922  3.070515971274569  -0.063174917545199  -0.919279021289640
392.763717531437010  0.000000000000000  0.000000000000000  1.000000000000000  0.000000000000000  0.775969628376695  -0.002851612714154  -0.630683095504516  0.010091441259982  2.302306451195739  -0.088244657597662  -0.606357730538213
401.597507106623880  0.000000000000000  0.000000000000000  1.000000000000000  0.000000000000000  0.782613730354317  -0.003065462799347  -0.622397543252140  0.011298236695481  3.192258214444882  -0.060508126819236  -0.980014016253831
416.972255897788610  0.000000000000000  0.000000000000000  1.000000000000000  0.000000000000000  0.999913319391358  -0.007513093057710  -0.004913155686237  0.009631616565506  -0.241543143347539  -0.030571575687900  -3.391019012928844
410.739494086334330  0.000000000000000  0.000000000000000  1.000000000000000  0.000000000000000  0.817957162349221  -0.006157691348674  0.575163817025576  -0.009733806215154  -3.709811711852944  -0.046540484191761  -1.000235873915199
400.051643968934570  0.000000000000000  0.000000000000000  1.000000000000000  0.000000000000000  0.779698532466056  -0.003269058796049  -0.626017357508473  0.012719269750065  2.945217429789487  -0.074953762566495  -0.857801908577616
402.249670590413930  0.000000000000000  0.000000000000000  1.000000000000000  0.000000000000000  0.785870497563330  -0.004320443562484  -0.618313441399312  0.008796761445358  3.302329134476645  -0.054826902997030  -1.060681443312146
409.682611134821290  0.000000000000000  0.000000000000000  1.000000000000000  0.000000000000000  0.999879386718363  -0.007588783023675  0.008147979256421  0.010827410676916  0.239415580135958  -0.216416955601192  1.746473083164813
395.132049525876200  0.000000000000000  0.000000000000000  1.000000000000000  0.000000000000000  0.776924678396205  -0.003779566421203  -0.629490806464768  0.010727700264123  2.436191024449963  -0.089151606415990  -0.658942994319747
396.866887354898210  0.000000000000000  0.000000000000000  1.000000000000000  0.000000000000000  0.777604424631182  -0.003346238341270  -0.628609006780091  0.013072034192123  2.696606971739994  -0.086001541894804  -0.753917506018478
411.504760147851530  0.000000000000000  0.000000000000000  1.000000000000000  0.000000000000000  0.810995384432906  -0.010409332985849  0.584952199527712  -0.003009399110222  -0.573036299700480  -0.145725820135536  -0.193265656194108
410.544593654606330  0.000000000000000  0.000000000000000  1.000000000000000  0.000000000000000  0.999831702916343  -0.007602909587428  0.013181848245820  0.010246974481979  0.275001863234375  -0.222903145077759  1.936773385042012
411.482941209006070  0.000000000000000  0.000000000000000  1.000000000000000  0.000000000000000  0.813066267022588  -0.007191056651569  0.582046863131002  -0.009642782458893  -3.860143094905101  -0.049391457019544  -0.969369227147852
403.908365376274560  0.000000000000000  0.000000000000000  1.000000000000000  0.000000000000000  0.795361250041223  -0.005033574049349  -0.606073738242220  0.007054706106830  3.518397654555836  -0.042184810543968  -1.268421598713274
391.976284112259410  0.000000000000000  0.000000000000000  1.000000000000000  0.000000000000000  0.775145128779030  -0.003329859235779  -0.631687268916285  0.010494553668267  2.170826283726806  -0.095474444435077  -0.558045405415177
403.278365217720650  0.000000000000000  0.000000000000000  1.000000000000000  0.000000000000000  0.790056424495857  -0.004591643935751  -0.612965921961414  0.007908314155575  3.410705248964906  -0.048445468075842  -1.155137854805550
403.158552517104170  0.000000000000000  0.000000000000000  1.000000000000000  0.000000000000000  0.802357507458199  -0.004285804094686  -0.596764787241070  0.008709237500970  3.749736609915668  -0.035831901595146  -1.458561452874403
418.515363062326910  0.000000000000000  0.000000000000000  1.000000000000000  0.000000000000000  0.999944115787137  -0.006691108888203  -0.000966840218642  0.008127704750905  -0.284416755805310  -0.019192034607736  -3.517807585000184
404.517154445640410  0.000000000000000  0.000000000000000  1.000000000000000  0.000000000000000  0.800569760821447  -0.005435570378473  -0.599163594564388  0.007842166896556  3.628857627058621  -0.043552323124968  -1.384029288181623
391.510294983702070  0.000000000000000  0.000000000000000  1.000000000000000  0.000000000000000  0.773853837097758  -0.003344382330976  -0.633268193274951  0.010509486294767  2.036537537123123  -0.099866096464722  -0.506161167426676
417.774857180040670  0.000000000000000  0.000000000000000  1.000000000000000  0.000000000000000  0.999934590476453  -0.006770276167866  0.005338505494604  0.007515217121438  -0.347303662422036  -0.016095703261216  -3.650878020218192
401.419055608252280  0.000000000000000  0.000000000000000  1.000000000000000  0.000000000000000  0.799772477308923  -0.004952834757559  -0.600236034400686  0.007493795697227  3.888439611181675  -0.030937452198271  -1.474885909997759
400.285187615950010  0.000000000000000  0.000000000000000  1.000000000000000  0.000000000000000  0.796473478283593  -0.003395749389654  -0.604599437593408  0.008831044029582  4.029828875527483  -0.020649812069241  -1.478015177811756
411.569210780391640  0.000000000000000  0.000000000000000  1.000000000000000  0.000000000000000  0.811438261527649  -0.008030243927906  0.584331775309896  -0.007735584957276  -3.994901627077895  -0.042250276839337  -0.978575120125764
408.594928695813960  0.000000000000000  0.000000000000000  1.000000000000000  0.000000000000000  0.811436746032590  -0.011459326954847  0.584316045252449  -0.003721595668856  -0.192344131960136  -0.154172924638104  -0.100654809939359
387.381643601843790  0.000000000000000  0.000000000000000  1.000000000000000  0.000000000000000  0.770914373266787  -0.004500683692466  -0.636834603258174  0.010604764494362  1.899567131565331  -0.109180627104083  -0.448685131452505
409.300776904528730  0.000000000000000  0.000000000000000  1.000000000000000  0.000000000000000  0.812838551774846  -0.007181232137342  0.582376954643849  -0.008888270546976  -4.113282766456984  -0.037581223649098  -1.034517807109148
401.708981085363800  0.000000000000000  0.000000000000000  1.000000000000000  0.000000000000000  0.795493813915987  -0.005350505148840  -0.605878713286023  0.008482269915686  4.153403188396975  -0.031208643433234  -1.505421627136082
403.827267001779030  0.000000000000000  0.000000000000000  1.000000000000000  0.000000000000000  0.795187375137689  -0.005783016942383  -0.606277304605776  0.008451334606616  4.270356236689619  -0.032213981916813  -1.538996319930194
411.218830827392990  0.000000000000000  0.000000000000000  1.000000000000000  0.000000000000000  0.999874230008866  -0.007183851448415  0.009850076710910  0.010143590652916  0.295903997278604  -0.240009356754929  2.317883974709686
416.049429856426570  0.000000000000000  0.000000000000000  1.000000000000000  0.000000000000000  0.999578354786287  -0.007819200182220  0.026818575142069  0.007920655187533  -0.567469723199321  -0.009371376294617  -4.050881951850722
417.766361566714180  0.000000000000000  0.000000000000000  1.000000000000000  0.000000000000000  0.285549621484348  -0.009892123645836  -0.958199318510475  0.014752137674982  3.274827090304409  -0.108778988791943  4.294574215788431
418.042209442419900  0.000000000000000  0.000000000000000  1.000000000000000  0.000000000000000  0.999658444909261  -0.008012454933134  0.023890924023746  0.006929490373372  -0.556170428594766  -0.007681654799535  -4.178008249811806
415.845758568912120  0.000000000000000  0.000000000000000  1.000000000000000  0.000000000000000  0.999854458456337  -0.007161086744023  0.014266610604935  0.006020345793811  -0.434332450831276  -0.014689589423300  -3.792659064540847
404.814553048530910  0.000000000000000  0.000000000000000  1.000000000000000  0.000000000000000  0.795528003826649  -0.005586055615268  -0.605825547242869  0.008910522887455  4.381424058488476  -0.028548232129158  -1.585756584471192
377.785061481346080  0.000000000000000  0.000000000000000  1.000000000000000  0.000000000000000  0.765264301337720  -0.001283941261623  -0.643621004937596  0.010995571656290  1.611752850212370  -0.108282403494323  -0.344535045686420
410.172737896264780  0.000000000000000  0.000000000000000  1.000000000000000  0.000000000000000  0.814378189595948  -0.011598505469091  0.580201923053674  -0.004400848341921  0.211737558941903  -0.164996655638782  0.007605339603333
388.958341936485170  0.000000000000000  0.000000000000000  1.000000000000000  0.000000000000000  0.308674741631434  -0.012324369491589  -0.951019224143497  0.011421431823689  2.687765812223709  -0.108202447152688  3.211975104776607
379.246614340867550  0.000000000000000  0.000000000000000  1.000000000000000  0.000000000000000  0.313051910644796  -0.012916703074258  -0.949588668796496  0.010631091977484  2.532362131889489  -0.110166639862990  2.955663622939368
408.027788430230370  0.000000000000000  0.000000000000000  1.000000000000000  0.000000000000000  0.815625228726827  -0.008339075456420  0.578486039623759  -0.006312530812771  -4.226385624569345  -0.029503907909700  -1.106347157750566
417.715450611256590  0.000000000000000  0.000000000000000  1.000000000000000  0.000000000000000  0.289492049796513  -0.009734063064588  -0.957026946138932  0.014107639237581  3.382186815994829  -0.100500822716572  4.360100160374123
398.088933474359410  0.000000000000000  0.000000000000000  1.000000000000000  0.000000000000000  0.294025933096250  -0.010480087801404  -0.955645360815559  0.013448523274139  2.770241272616325  -0.110323331167810  3.535407429594768
411.547945317366270  0.000000000000000  0.000000000000000  1.000000000000000  0.000000000000000  0.817032479286803  -0.010854540408335  0.576467121745535  -0.005075853563872  0.416237362779145  -0.168813609918534  0.064803026749348
409.275932377182300  0.000000000000000  0.000000000000000  1.000000000000000  0.000000000000000  0.812979706650152  -0.009769912065261  0.582190744055187  -0.004741616785243  0.008060822911976  -0.159042461490397  -0.047247007152735
410.890461520048580  0.000000000000000  0.000000000000000  1.000000000000000  0.000000000000000  0.999834550521792  -0.007739284036077  0.012825857857014  0.010318548140481  0.289992485198569  -0.230681921014785  2.131010902811285
386.173132855062190  0.000000000000000  0.000000000000000  1.000000000000000  0.000000000000000  0.769195886343598  -0.002454506979925  -0.638912033614885  0.011094013235316  1.754508635163692  -0.106809241017967  -0.396669953620876
401.443475440058650  0.000000000000000  0.000000000000000  1.000000000000000  0.000000000000000  0.288938018726403  -0.010342335750909  -0.957192126103513  0.013823572299246  2.822257109868590  -0.111295009486804  3.676614588061345
415.080277970593900  0.000000000000000  0.000000000000000  1.000000000000000  0.000000000000000  0.999683177046454  -0.007693628029674  0.023128419912202  0.006279316078564  -0.520052935656096  -0.012030229144958  -3.922780508617305
383.451355752037900  0.000000000000000  0.000000000000000  1.000000000000000  0.000000000000000  0.314207274532220  -0.011764610275849  -0.949220323720095  0.010777736905713  2.633563935948887  -0.106787535421115  3.066279744717087
407.318342290056930  0.000000000000000  0.000000000000000  1.000000000000000  0.000000000000000  0.796810068228878  -0.005845665494387  -0.604143520026580  0.008375593943778  4.487285532814549  -0.024520582977652  -1.646572759091348
418.430221255858780  0.000000000000000  0.000000000000000  1.000000000000000  0.000000000000000  0.283610090291615  -0.011645490165494  -0.958762439857859  0.014292766051104  3.187942314026423  -0.113018696838521  4.219421587006656
407.286831156811100  0.000000000000000  0.000000000000000  1.000000000000000  0.000000000000000  0.798093325647519  -0.006546801859129  -0.602443920380728  0.008093561552189  4.592405177038795  -0.024845983908949  -1.709374936527945
414.905991556017850  0.000000000000000  0.000000000000000  1.000000000000000  0.000000000000000  0.333525521006494  -0.001045475428068  0.942524000942092  -0.020202511393084  -2.025511936074071  -0.104293644058394  2.938867178084121
405.019763443231800  0.000000000000000  0.000000000000000  1.000000000000000  0.000000000000000  0.285973738126761  -0.010312653508773  -0.958079424720000  0.014017353801910  2.886399299726029  -0.111947848467190  3.803032866747221
392.960590416967190  0.000000000000000  0.000000000000000  1.000000000000000  0.000000000000000  0.300486485032110  -0.009641705297321  -0.953653526822749  0.012643599587905  2.723804525157119  -0.103818952932802  3.377365577496065
410.074896782643240  0.000000000000000  0.000000000000000  1.000000000000000  0.000000000000000  0.284640011306203  -0.010761503266006  -0.958477260299017  0.013623343963616  2.962897216694290  -0.108421099416917  3.919922238846970
417.607217659387400  0.000000000000000  0.000000000000000  1.000000000000000  0.000000000000000  0.294776897438712  -0.009176417306811  -0.955410617635648  0.014591977620859  3.504020613308760  -0.101321660610129  4.413838061271796
409.326088069939600  0.000000000000000  0.000000000000000  1.000000000000000  0.000000000000000  0.817975504573537  -0.009206784503182  0.575133878557797  -0.007234001095107  -4.343260519966869  -0.038555156424056  -1.170051037579355
415.662633550434120  0.000000000000000  0.000000000000000  1.000000000000000  0.000000000000000  0.999744903677159  -0.007742235954847  0.019373887306388  0.008650886925978  -0.530474580659484  0.000434954478133  -4.315849329383378
414.887277125637640  0.000000000000000  0.000000000000000  1.000000000000000  0.000000000000000  0.297104366523430  -0.009579080064770  -0.954691110211169  0.014216916036536  3.599967742706572  -0.099367419286638  4.485738958397397
411.594170742332440  0.000000000000000  0.000000000000000  1.000000000000000  0.000000000000000  0.291993902602146  -0.007365342023203  -0.956278144304442  0.014745280794277  3.707714161914242  -0.092015926932246  4.714727789896133
413.820933877656670  0.000000000000000  0.000000000000000  1.000000000000000  0.000000000000000  0.294604913428682  -0.009127386758674  -0.955465427048039  0.014507015907681  3.654066443989853  -0.098779201788842  4.599846187024481
378.017208199584330  0.000000000000000  0.000000000000000  1.000000000000000  0.000000000000000  0.296870623169879  -0.010814163620903  -0.954787089375269  0.011510904665161  2.248015136385472  -0.110067005529717  2.816961245862039
380.290566055543820  0.000000000000000  0.000000000000000  1.000000000000000  0.000000000000000  0.304555799251345  -0.012058649670019  -0.952354439068337  0.011017100223885  2.386837398052984  -0.108924229014940  2.888977605911554
407.495157588205470  0.000000000000000  0.000000000000000  1.000000000000000  0.000000000000000  0.799884852360430  -0.006425487673750  -0.600054365406321  0.008814455701053  4.681725648675646  -0.023024683028597  -1.777579186815979
413.508573362390390  0.000000000000000  0.000000000000000  1.000000000000000  0.000000000000000  0.819679380702894  -0.009751049303159  0.572708438884098  -0.005972764765755  0.614429692784088  -0.172620950932511  0.124907148228445
412.785158748361080  0.000000000000000  0.000000000000000  1.000000000000000  0.000000000000000  0.819808896740720  -0.010840598442065  0.572504969965462  -0.005823539733454  -4.454367525094465  -0.043092365088610  -1.218389337472579
412.485076922666280  0.000000000000000  0.000000000000000  1.000000000000000  0.000000000000000  0.999911622145393  -0.006720127714265  0.005728435576842  0.009938450981636  0.294225870941521  -0.247875275685306  2.503366293146885
415.996538377506230  0.000000000000000  0.000000000000000  1.000000000000000  0.000000000000000  0.821889319852124  -0.010125470704639  0.569536528207704  -0.004854255157805  0.794746117116830  -0.182087774538403  0.186388288021205
374.806567833969210  0.000000000000000  0.000000000000000  1.000000000000000  0.000000000000000  0.762239660512723  -0.000601435974972  -0.647175571804505  0.012414405975651  1.463689434179825  -0.110880380721253  -0.288169469729728
399.712560350185530  0.000000000000000  0.000000000000000  1.000000000000000  0.000000000000000  0.330030559904784  -0.004162844452318  0.943747238951592  -0.020091023524138  -2.746730539446085  -0.104802352759011  4.062067481426360
402.429077432003000  0.000000000000000  0.000000000000000  1.000000000000000  0.000000000000000  0.328678941021432  -0.004018776199048  0.944220190759069  -0.020055785444564  -2.678822952006138  -0.102619502998233  3.976498844347295
379.472063134006130  0.000000000000000  0.000000000000000  1.000000000000000  0.000000000000000  0.285941086210585  -0.006215011990917  -0.958099899175953  0.015609357504171  2.015313711019300  -0.122237783386247  2.662189088057184
378.215630286203410  0.000000000000000  0.000000000000000  1.000000000000000  0.000000000000000  0.290455198856850  -0.008068644340295  -0.956751852636920  0.014020232214861  2.126289312846327  -0.115150332302933  2.741389405165073
415.666375281966510  0.000000000000000  0.000000000000000  1.000000000000000  0.000000000000000  0.999835939868014  -0.008821601206475  0.013682250277293  0.007941582194230  -0.510559795243327  -0.000031626784140  -4.573692836982142
407.542124564096010  0.000000000000000  0.000000000000000  1.000000000000000  0.000000000000000  0.801739673064016  -0.006826879575642  -0.597574044595343  0.008494208404971  4.766194271967777  -0.020838415200262  -1.847192212525034
406.715530785734530  0.000000000000000  0.000000000000000  1.000000000000000  0.000000000000000  0.290318702050946  -0.005188014473475  -0.956795650169676  0.015172987895095  3.768445655684337  -0.082328297806684  4.821334846603023
415.610356489335230  0.000000000000000  0.000000000000000  1.000000000000000  0.000000000000000  0.999807506195706  -0.008677303140393  0.015788093276929  0.007771169513733  -0.515558218492827  -0.003584450111094  -4.446308108507295
410.319776728732110  0.000000000000000  0.000000000000000  1.000000000000000  0.000000000000000  0.318074395970386  0.001959229586435  0.947821741323186  -0.021419307238715  -2.115840863570174  -0.099489601357833  3.312572233070112
415.192209799873520  0.000000000000000  0.000000000000000  1.000000000000000  0.000000000000000  0.819741408702794  -0.011727580342128  0.572590835254376  -0.005120751895411  -4.570577159397319  -0.044188408078741  -1.242603159361579
406.397255385628450  0.000000000000000  0.000000000000000  1.000000000000000  0.000000000000000  0.327071140633419  -0.002873496609174  0.944766526659876  -0.020794760999474  -2.610630401775370  -0.104696797808833  3.896896219419308
410.105866427458690  0.000000000000000  0.000000000000000  1.000000000000000  0.000000000000000  0.818706100743853  -0.010829749865968  0.574083289391933  -0.005604816105316  -4.694372025856876  -0.035755652034728  -1.267631570241964
395.220740027454610  0.000000000000000  0.000000000000000  1.000000000000000  0.000000000000000  0.329777366948909  -0.004042270152074  0.943835824817253  -0.020111789870586  -2.846153569496940  -0.104130381820249  4.226919332649795
415.146397981276660  0.000000000000000  0.000000000000000  1.000000000000000  0.000000000000000  0.323988857040450  -0.002728864213328  0.945832002294930  -0.020630008446252  -2.530586291603167  -0.105278424474057  3.837599046193964
397.790326720242550  0.000000000000000  0.000000000000000  1.000000000000000  0.000000000000000  0.329857454522690  -0.004960241067264  0.943814399147969  -0.019591724409148  -2.797391368150474  -0.102886680883098  4.146380988158539
