2264.110150835645500  0.000000000000000  0.000000000000000  1.000000000000000  0.000000000000000  0.999971985698394  0.004040784203633  0.006207259596401  -0.001081577428097  -0.019872555918891  0.010623278350620  0.017121761713755
1696.770683362872400  0.000000000000000  0.000000000000000  1.000000000000000  0.000000000000000  0.692259887995676  0.102778939620563  -0.165835955435628  -0.694774188443583  0.162371211354547  0.645446464472299  -0.755856575903834
1353.637615481893600  0.000000000000000  0.000000000000000  1.000000000000000  0.000000000000000  0.706875302138381  0.112157674331361  -0.130822739102664  -0.686027240165454  0.064744853159324  0.605413476499488  -0.775907831458656
2917.862145366869800  0.000000000000000  0.000000000000000  1.000000000000000  0.000000000000000  0.700431467802200  -0.011814553309910  0.009511462381724  -0.713558482064298  0.010758746662008  -0.075784700070884  0.272885617707940
1313.001623039031300  0.000000000000000  0.000000000000000  1.000000000000000  0.000000000000000  0.691128871215881  0.125401160981337  -0.144869195067853  -0.696870395781588  0.040694564007353  0.639977271420141  -0.752572777949289
1403.271736552136600  0.000000000000000  0.000000000000000  1.000000000000000  0.000000000000000  0.647986702775972  0.143416404557842  0.096876987888886  -0.741727589581783  -0.649729216513305  0.140515582464382  -0.360830438903598
1372.885838449986700  0.000000000000000  0.000000000000000  1.000000000000000  0.000000000000000  0.667935146221717  0.208045203542497  0.029191560428759  -0.713952159828982  -0.589532659632206  0.472205909456394  -0.647942949029286
1682.904748435319300  0.000000000000000  0.000000000000000  1.000000000000000  0.000000000000000  0.649520338040406  0.174565086067479  0.114422811931553  -0.731134584948494  -0.704939280236775  0.138621677598458  -0.239541795053689
1056.977380497185300  0.000000000000000  0.000000000000000  1.000000000000000  0.000000000000000  0.671902062675203  0.174661422632704  -0.272831612670584  -0.666035972560263  0.257973803347387  0.815763971632730  -0.542918381151441
1161.586277770450800  0.000000000000000  0.000000000000000  1.000000000000000  0.000000000000000  0.658863900549235  0.214954594107650  -0.059109295379632  -0.718469884006829  -0.431380675653842  0.579793973374154  -0.641898770950650
1803.074185260801000  0.000000000000000  0.000000000000000  1.000000000000000  0.000000000000000  0.649516481786953  0.173535731596382  0.086896940969978  -0.735161622635776  -0.738253654414291  0.179330218382781  -0.321937825079020
1988.332233006705100  0.000000000000000  0.000000000000000  1.000000000000000  0.000000000000000  0.706455459546439  -0.027285001170390  -0.015734530177680  -0.707056318088063  0.129891850887409  0.001916162850629  -0.017819238821606
1856.644530985121900  0.000000000000000  0.000000000000000  1.000000000000000  0.000000000000000  0.701581143929237  0.028029565453368  0.008432165610611  -0.711988160383691  -0.086212815223330  0.031606431290486  -0.133758042389788
996.462354087240210  0.000000000000000  0.000000000000000  1.000000000000000  0.000000000000000  0.678015857049705  0.204286693313345  -0.012534386917770  -0.705977573063655  -0.559243526889391  0.520722264549879  -0.637123621698044
1706.025765976403800  0.000000000000000  0.000000000000000  1.000000000000000  0.000000000000000  0.672738696916928  0.078328182182618  0.064316239991168  -0.732905698449589  -0.368809956898960  0.067592989018086  -0.209130233200311
1848.770744172096100  0.000000000000000  0.000000000000000  1.000000000000000  0.000000000000000  0.717300999530222  -0.067060513364241  -0.099235412465565  -0.686392377968359  0.464539412099961  0.032535731817330  0.005496766197498
1728.933882239454300  0.000000000000000  0.000000000000000  1.000000000000000  0.000000000000000  0.648835520324826  0.143391888789120  0.127815653059963  -0.736284179259039  -0.723703509343629  0.123074173993037  -0.333514792946192
1728.933877815203900  0.000000000000000  0.000000000000000  1.000000000000000  0.000000000000000  0.648835520689810  0.143391888125684  0.127815653225907  -0.736284179037801  -0.723703507169326  0.123074175018584  -0.333514803930761
2571.775747102532000  0.000000000000000  0.000000000000000  1.000000000000000  0.000000000000000  0.534199813626654  0.329408817274623  0.098222696257944  -0.772316445612031  -0.968630731051433  0.147436515108232  -0.193500659802286
1065.294393222006400  0.000000000000000  0.000000000000000  1.000000000000000  0.000000000000000  0.660578922608919  0.118272186479901  -0.209899078915190  -0.711048207634797  0.091647137373027  0.755644978533044  -0.736246353856973
2172.784963378331200  0.000000000000000  0.000000000000000  1.000000000000000  0.000000000000000  0.705725630551380  -0.033200130528416  -0.037396082991802  -0.706718203170560  0.182282079962685  0.032649343410994  -0.141109818253192
1870.290699108912800  0.000000000000000  0.000000000000000  1.000000000000000  0.000000000000000  0.641206269078301  0.188524942571138  0.096309802451555  -0.737588834293862  -0.747476038365365  0.158542669514336  -0.291633484125692
1088.953529883880700  0.000000000000000  0.000000000000000  1.000000000000000  0.000000000000000  0.671511285887544  0.113866740303758  -0.150814298399444  -0.716492851169177  0.071991522582802  0.768192513842398  -0.859791725728676
1337.076777659425700  0.000000000000000  0.000000000000000  1.000000000000000  0.000000000000000  0.709091408670913  0.133372550022706  -0.187133786670106  -0.666619893894601  0.153735556179806  0.806420591219709  -0.815204279412640
895.919139493299670  0.000000000000000  0.000000000000000  1.000000000000000  0.000000000000000  0.704195908163134  0.013973018284550  -0.104002505081441  -0.702208200338833  0.251622508161436  0.500868592628196  -0.860547192793560
897.430226280330540  0.000000000000000  0.000000000000000  1.000000000000000  0.000000000000000  0.707587245052959  0.057748508383263  -0.052159102975510  -0.702328148656070  0.102979297399453  0.497696605154334  -0.893000794366703
2282.694866349695500  0.000000000000000  0.000000000000000  1.000000000000000  0.000000000000000  0.710107618204753  -0.066581215357713  -0.105554312673328  -0.692944730411541  0.448465310305082  0.025700688841404  0.052372192969106
1813.370023403969100  0.000000000000000  0.000000000000000  1.000000000000000  0.000000000000000  0.686700817003813  0.009297175535317  -0.057516832225893  -0.724601521157704  0.211190503650177  0.431079608015179  -0.926271737202744
1318.625840151868700  0.000000000000000  0.000000000000000  1.000000000000000  0.000000000000000  0.639244956141378  0.210286122997822  0.101933722649133  -0.732635754457317  -0.861402736797587  0.282217425751595  -0.483339783196933
1735.489584934066700  0.000000000000000  0.000000000000000  1.000000000000000  0.000000000000000  0.711780198836982  -0.043960390146494  -0.068512801939843  -0.697669283122101  0.239232636775298  0.019049839496183  -0.043770153723128
847.380730245496010  0.000000000000000  0.000000000000000  1.000000000000000  0.000000000000000  0.697078913787520  0.107287406305297  -0.135673058727359  -0.695818382580294  0.068154189221492  0.610924177173606  -0.779645135203748
1005.840558072651700  0.000000000000000  0.000000000000000  1.000000000000000  0.000000000000000  0.673421643167858  0.079339269473620  0.076350865779542  -0.731012391226857  -0.332214198482364  0.083189034435083  -0.309304692450746
1344.514859405467000  0.000000000000000  0.000000000000000  1.000000000000000  0.000000000000000  0.698820402814709  0.100256721266433  -0.150981282536205  -0.691956130671963  0.121028128039483  0.665451600587222  -0.830095728103832
760.606418697754980  0.000000000000000  0.000000000000000  1.000000000000000  0.000000000000000  0.700293348810184  0.106587645797807  -0.127474220695789  -0.694246802249388  0.077914111086070  0.641620334116063  -0.840937812784283
905.471131397066190  0.000000000000000  0.000000000000000  1.000000000000000  0.000000000000000  0.594614620679788  0.316310388479472  -0.038987949621207  -0.738147092928051  -0.747496367081152  0.497687007176042  -0.391616970372564
1641.843501121939200  0.000000000000000  0.000000000000000  1.000000000000000  0.000000000000000  0.045152622445778  -0.111935019734768  -0.184159604216227  0.975457345155681  -0.416845605679904  -0.669857608331543  -0.609901714787479
1714.070457607690300  0.000000000000000  0.000000000000000  1.000000000000000  0.000000000000000  0.011036686962544  0.158493457624153  -0.061391063675832  -0.985387818441035  -0.595690636657993  0.204313865736967  -0.797875581373406
1049.915075521717000  0.000000000000000  0.000000000000000  1.000000000000000  0.000000000000000  0.637762260710964  0.254251544262671  -0.029281448947662  -0.726469578028160  -0.612780991721121  0.576331821670485  -0.619553654236752
1002.791779989691200  0.000000000000000  0.000000000000000  1.000000000000000  0.000000000000000  0.704408598045460  0.081650771235937  -0.118588192771116  -0.695038501877044  0.111881010001835  0.604306530965171  -0.881693628377842
983.785284582656800  0.000000000000000  0.000000000000000  1.000000000000000  0.000000000000000  0.047883421984977  -0.039719812100109  -0.177025900189367  0.982237926923963  -0.298405317231680  -0.656707587635190  -0.594906303410016
1015.174730562700300  0.000000000000000  0.000000000000000  1.000000000000000  0.000000000000000  0.707683410228498  0.075485346171828  -0.110429956900242  -0.693751668841015  0.048160168119340  0.549533427355844  -0.814685824089771
841.037083595869830  0.000000000000000  0.000000000000000  1.000000000000000  0.000000000000000  0.685851780533961  0.200699465806541  -0.147263061502771  -0.683842562495342  -0.080150959313891  0.854778971559957  -0.817085407605760
1723.382209275598400  0.000000000000000  0.000000000000000  1.000000000000000  0.000000000000000  0.639292508999811  0.210318038650461  0.101800773621051  -0.732603585198097  -0.861127261648576  0.282542491873623  -0.483126462829546
1102.683194920888800  0.000000000000000  0.000000000000000  1.000000000000000  0.000000000000000  0.656343205224530  0.238413625265790  -0.017239981014742  -0.715594384618707  -0.646006922549755  0.645258302764229  -0.743218520697528
1301.867121117652500  0.000000000000000  0.000000000000000  1.000000000000000  0.000000000000000  0.686436241924175  0.110546429888449  -0.156022131962608  -0.701599506092882  0.100382097457143  0.636819306497251  -0.761947151868571
899.239065898861550  0.000000000000000  0.000000000000000  1.000000000000000  0.000000000000000  0.687061305471764  0.167669325248463  -0.160995903111362  -0.688414176986149  0.003377725157483  0.726902203356845  -0.718905440152295
1436.011966726253600  0.000000000000000  0.000000000000000  1.000000000000000  0.000000000000000  0.699747788743235  0.095127137800935  -0.141784604988883  -0.693686518242139  0.104105616785930  0.620101269953423  -0.806912055653086
1139.861341529901900  0.000000000000000  0.000000000000000  1.000000000000000  0.000000000000000  0.651567253040994  0.238763435728046  -0.069283542092075  -0.716695142525138  -0.453393797056390  0.609265066311570  -0.615709057709707
1017.440671955824300  0.000000000000000  0.000000000000000  1.000000000000000  0.000000000000000  0.694912008785677  0.076520627199846  -0.249729507852471  -0.669982885278542  0.416692149493445  0.693352326580613  -0.646403020445275
4246.875977674896600  0.000000000000000  0.000000000000000  1.000000000000000  0.000000000000000  0.702031644744090  0.042215671518809  -0.070279148388379  -0.707410947157258  0.083374349252668  0.053639622566598  -0.111385862691515
1034.699197504914800  0.000000000000000  0.000000000000000  1.000000000000000  0.000000000000000  0.691117209145225  0.183075803644878  -0.123920677625704  -0.688101677806329  -0.100641523728349  0.772722490621695  -0.822949443104902
1380.015339695267600  0.000000000000000  0.000000000000000  1.000000000000000  0.000000000000000  0.710901947341471  0.064890045672194  -0.050517757842060  -0.698466648725174  -0.040307403536872  0.461230043534352  -0.868680576204874
793.335859576012010  0.000000000000000  0.000000000000000  1.000000000000000  0.000000000000000  0.630155737739493  0.262160383028925  0.073030821485689  -0.727215359351855  -0.843023206622908  0.345929457688125  -0.388917629609222
1057.937924647855000  0.000000000000000  0.000000000000000  1.000000000000000  0.000000000000000  0.556737119111720  0.314336679391156  0.179300981242938  -0.747721465732958  -1.223638394492416  0.151774523266032  -0.168707864334784
990.527232998368850  0.000000000000000  0.000000000000000  1.000000000000000  0.000000000000000  0.604085645480090  0.251149090015237  0.076777647724061  -0.752402724821874  -0.752738414627498  0.337754184558523  -0.497107601336347
1057.271987519811800  0.000000000000000  0.000000000000000  1.000000000000000  0.000000000000000  0.665253169395933  0.181789054244717  0.093483521081535  -0.718088985886621  -0.777539655387631  0.273278673903434  -0.427337083881441
1021.490918055382500  0.000000000000000  0.000000000000000  1.000000000000000  0.000000000000000  0.710291590764609  -0.032017936510225  -0.032284038030199  -0.702437505205391  0.214134882420310  0.021970014253527  -0.079497057728570
1906.900017683155500  0.000000000000000  0.000000000000000  1.000000000000000  0.000000000000000  0.692042442685535  0.100180309042638  0.065482479759557  -0.711866004277841  -0.352838508561204  0.082059479950344  -0.161668574709624
797.911058322448870  0.000000000000000  0.000000000000000  1.000000000000000  0.000000000000000  0.599298743652579  0.263529541698332  0.102788507148920  -0.748884316371230  -0.908054060290517  0.257402655051493  -0.358322493215789
455.855434940099770  0.000000000000000  0.000000000000000  1.000000000000000  0.000000000000000  0.700683078158468  0.077065770587593  -0.118191861098575  -0.699381709051766  0.133830446645755  0.562291177872247  -0.833148665480108
1479.665450205279100  0.000000000000000  0.000000000000000  1.000000000000000  0.000000000000000  0.691644489615703  0.171182128499055  -0.165424133340576  -0.681879340481353  0.039448962666576  0.857685596975801  -0.838183329522539
1299.378170029639500  0.000000000000000  0.000000000000000  1.000000000000000  0.000000000000000  0.660674290803199  0.202492191234221  0.072033036487663  -0.719247965318792  -0.753012152876340  0.238026507772435  -0.301015216659142
1451.114033963370300  0.000000000000000  0.000000000000000  1.000000000000000  0.000000000000000  0.694375276586464  0.099563331100738  0.006202535036475  -0.712665171679322  -0.133415390883914  0.120981504600968  -0.266327861937314
789.392127275556620  0.000000000000000  0.000000000000000  1.000000000000000  0.000000000000000  0.594403864389356  0.254258186952296  0.188226810669218  -0.739329079714863  -1.045636549633754  0.147609985575286  -0.225760195530457
1751.821526789160800  0.000000000000000  0.000000000000000  1.000000000000000  0.000000000000000  0.708233502986699  0.125930627485448  -0.194592377556096  -0.666843751493088  0.202673260527887  0.848158862336002  -0.821190254964512
1510.573647234923800  0.000000000000000  0.000000000000000  1.000000000000000  0.000000000000000  0.684086704025176  0.143006036386502  -0.206549976269178  -0.684771321125670  0.165938973058197  0.856122926233599  -0.786826845176113
1412.740314430929400  0.000000000000000  0.000000000000000  1.000000000000000  0.000000000000000  0.578014467023098  0.256527821648977  0.157868984321684  -0.758399720741822  -0.923152674948628  0.155931820026039  -0.311256534862734
1097.081641725814500  0.000000000000000  0.000000000000000  1.000000000000000  0.000000000000000  0.636302279382705  0.193468408317404  0.130607985297996  -0.735276096722790  -0.805622211014626  0.133228980772843  -0.247645973253707
799.886176429001350  0.000000000000000  0.000000000000000  1.000000000000000  0.000000000000000  0.700362150115506  0.001447978749879  0.058006768284842  -0.711425313631919  -0.011726104786931  -0.001051773350287  -0.004391393498216
652.594492721733790  0.000000000000000  0.000000000000000  1.000000000000000  0.000000000000000  0.685753197575558  0.164370625196719  -0.190563450368330  -0.682942472665931  0.077902085927584  0.873646719340892  -0.803736504074957
1686.264559504364600  0.000000000000000  0.000000000000000  1.000000000000000  0.000000000000000  0.980429112817198  -0.040389439920579  -0.192618832939066  -0.005043122106078  0.651595668576598  -0.153086254298088  -0.760718287280646
1069.102479827922700  0.000000000000000  0.000000000000000  1.000000000000000  0.000000000000000  0.696088866731947  -0.011981096380422  0.014823460039770  -0.717702590195832  0.007335097601232  0.066066867239190  -0.254383437121534
870.206126154483630  0.000000000000000  0.000000000000000  1.000000000000000  0.000000000000000  0.654890530557810  0.146747675928067  0.056399408789737  -0.739190516229469  -0.524553592342509  0.135053716974747  -0.279108597072747
1817.693558565904100  0.000000000000000  0.000000000000000  1.000000000000000  0.000000000000000  0.695942281067290  0.096604788998833  -0.090791058936846  -0.705754092997323  0.045006445092263  0.573420348973718  -0.822673738471341
1738.521971282120100  0.000000000000000  0.000000000000000  1.000000000000000  0.000000000000000  0.634253185862079  0.233456668159522  -0.262466807742645  -0.688717689005476  0.045190751416358  1.061697517603256  -0.572300436597314
1701.903736113924400  0.000000000000000  0.000000000000000  1.000000000000000  0.000000000000000  0.701886860567913  0.012419881564350  -0.033544509581454  -0.711389729600440  0.041683144696980  0.078778149401061  -0.216858874896846
2235.022488591384900  0.000000000000000  0.000000000000000  1.000000000000000  0.000000000000000  0.627885399720025  0.296381267841745  0.059094528397048  -0.717234902667511  -0.835757765300815  0.205900760638899  -0.093728128445665
1046.709470019538700  0.000000000000000  0.000000000000000  1.000000000000000  0.000000000000000  0.589775648359354  0.268242332716781  0.161223479816589  -0.744458007611439  -0.998425919374552  0.145460338229315  -0.196058396720897
1827.294897338812000  0.000000000000000  0.000000000000000  1.000000000000000  0.000000000000000  0.686941359272997  0.154928399754883  -0.246447337372041  -0.665862200287559  0.241791425143613  0.891704001848589  -0.667533173330101
1379.353088647935200  0.000000000000000  0.000000000000000  1.000000000000000  0.000000000000000  0.611077518859925  0.265511724167381  0.086077812214921  -0.740728290615362  -0.803106602170187  0.158599230717553  -0.179695661140050
2103.659009732010000  0.000000000000000  0.000000000000000  1.000000000000000  0.000000000000000  0.494035529118197  0.360052843233126  0.177409343546079  -0.771243652078378  -1.084910344463957  -0.062624079019210  0.063086315538699
1054.779110098212900  0.000000000000000  0.000000000000000  1.000000000000000  0.000000000000000  0.637852415726400  0.187718784711858  0.041207279173136  -0.745793479296679  -0.627756170454357  0.254722110744520  -0.455014573927716
1128.515213712810700  0.000000000000000  0.000000000000000  1.000000000000000  0.000000000000000  0.702157179106710  -0.003300016309006  0.017417867076708  -0.711801252898424  -0.012315162148603  -0.001191851571654  -0.026392620893102
1386.077823202909500  0.000000000000000  0.000000000000000  1.000000000000000  0.000000000000000  0.699686798266422  0.074919300972465  -0.114592361938146  -0.701209008255683  0.107518357708071  0.666896137536500  -0.961956248467501
1367.158521206139300  0.000000000000000  0.000000000000000  1.000000000000000  0.000000000000000  0.689010700505245  0.141311605066458  -0.189964016176741  -0.684988289988096  0.124254416578764  0.834170275417953  -0.820757641861335
1759.969353879224900  0.000000000000000  0.000000000000000  1.000000000000000  0.000000000000000  0.567516861404664  0.300532480077011  0.235403620763930  -0.729513519937357  -1.190168556514008  0.049463213100110  0.053655444844566
1814.688451404746500  0.000000000000000  0.000000000000000  1.000000000000000  0.000000000000000  0.570600924848165  0.318439505517247  0.154628707879158  -0.741013379493226  -1.163639017278050  0.222509460411904  -0.233089653135669
2355.799508473081000  0.000000000000000  0.000000000000000  1.000000000000000  0.000000000000000  0.706069793760241  -0.023175190310165  -0.046474011278763  -0.706235458731095  0.181098631258133  0.032411885984563  -0.092155694133582
1815.291425571218300  0.000000000000000  0.000000000000000  1.000000000000000  0.000000000000000  0.689214690438977  0.155857750857058  -0.146067481254577  -0.692355228839089  -0.047617064381324  0.652333402448014  -0.697448290893193
836.434139726331180  0.000000000000000  0.000000000000000  1.000000000000000  0.000000000000000  0.648510625559695  0.139346794065984  0.129606747710160  -0.737033601993627  -0.699078830675311  0.150336888062845  -0.410677486776403
1395.038856359178500  0.000000000000000  0.000000000000000  1.000000000000000  0.000000000000000  0.646458183893312  0.207440679013973  0.070585402466244  -0.730806323266474  -0.724819504731533  0.437295639724529  -0.704732802017949
1581.182591893612400  0.000000000000000  0.000000000000000  1.000000000000000  0.000000000000000  0.653657156545447  0.209180698786494  0.044201906115810  -0.725962773458698  -0.650016454488515  0.413407336906486  -0.612883131659886
1577.701644759892800  0.000000000000000  0.000000000000000  1.000000000000000  0.000000000000000  0.698541719145098  0.097591664810313  -0.126330355485850  -0.697535644147438  0.072277621954914  0.617492418159622  -0.845935810955477
