2844.314823  0.000000  0.000000  1.000000  0.000000  0.999984  0.001713  -0.004822  -0.002328  0.008204  0.000418  -0.101391
3954.029100  0.000000  0.000000  1.000000  0.000000  0.966119  0.037786  -0.255169  0.008623  0.468931  0.109982  -0.904924
4788.783848  0.000000  0.000000  1.000000  0.000000  0.954272  -0.000939  -0.298913  -0.003864  0.880383  -0.106463  1.193537
3800.888174  0.000000  0.000000  1.000000  0.000000  0.951930  0.030764  -0.304731  0.004697  0.770033  0.116516  -0.986618
2201.613992  0.000000  0.000000  1.000000  0.000000  0.993321  -0.061797  0.097197  -0.006867  0.428792  0.016017  1.077852
2656.245035  0.000000  0.000000  1.000000  0.000000  0.991788  -0.095348  0.022153  -0.082312  -0.009817  0.094489  0.697405
2588.623526  0.000000  0.000000  1.000000  0.000000  0.982689  0.045591  -0.177585  0.026590  0.111456  0.153802  -1.081854
3019.352145  0.000000  0.000000  1.000000  0.000000  0.986958  -0.047832  -0.153199  -0.012519  0.632953  0.003069  1.267562
4167.481695  0.000000  0.000000  1.000000  0.000000  0.988676  0.012019  -0.149582  -0.000541  -0.113947  0.025752  -0.392813
4572.971922  0.000000  0.000000  1.000000  0.000000  0.958031  -0.030090  -0.284619  -0.016253  0.702867  -0.117259  2.127800
2683.729088  0.000000  0.000000  1.000000  0.000000  0.958152  0.077139  -0.275331  0.013664  0.632350  -0.317582  1.265877
4343.651494  0.000000  0.000000  1.000000  0.000000  0.974062  -0.022722  -0.224639  -0.014955  1.055765  -0.140763  1.980079
3474.313141  0.000000  0.000000  1.000000  0.000000  0.939322  0.058723  -0.337278  0.021654  0.183230  -0.523563  2.028280
12324.809007  0.000000  0.000000  1.000000  0.000000  0.952321  -0.009962  -0.304929  0.001938  0.574503  -0.072721  1.344519
1362.215995  0.000000  0.000000  1.000000  0.000000  0.998355  -0.053506  -0.020287  0.003535  0.850872  0.001208  0.124978
2247.512689  0.000000  0.000000  1.000000  0.000000  0.976515  -0.025919  0.213792  -0.006362  0.878616  -0.080586  0.541454
2193.217231  0.000000  0.000000  1.000000  0.000000  0.995940  -0.065217  -0.057526  -0.023250  0.522851  0.035222  0.987158
6918.094045  0.000000  0.000000  1.000000  0.000000  0.891027  -0.024590  -0.453192  -0.009064  0.610911  -0.053594  1.345619
2783.325204  0.000000  0.000000  1.000000  0.000000  0.945696  -0.012611  -0.324806  0.000930  0.461683  -0.221315  2.068901
2977.474804  0.000000  0.000000  1.000000  0.000000  0.988661  -0.002157  0.149557  -0.013362  0.570371  0.028752  -0.048592
2381.805687  0.000000  0.000000  1.000000  0.000000  0.945227  0.027135  -0.325101  0.010912  0.477211  -0.387174  2.042039
