2848.686768682348400  0.000000000000000  0.000000000000000  1.000000000000000  0.000000000000000  0.999955570160237  0.001958442768041  -0.008723392980739  -0.002987410641775  0.041836679919247  0.001376394663700  -0.086917159344857
3970.308534585552500  0.000000000000000  0.000000000000000  1.000000000000000  0.000000000000000  0.966175660439374  0.036983430623714  -0.255089667193257  0.008129005171272  0.469198780083207  0.104229830099641  -0.871396417287366
4776.838783978651000  0.000000000000000  0.000000000000000  1.000000000000000  0.000000000000000  0.954860818088722  0.000226631939043  -0.297027534166812  -0.003925641818086  0.867136574593911  -0.098782193416927  1.210167099060194
3823.601431608787600  0.000000000000000  0.000000000000000  1.000000000000000  0.000000000000000  0.952700863417099  0.029630683647803  -0.302430366915592  0.004354376898880  0.754230327231867  0.109448871830600  -0.950060696761362
2191.843452345016000  0.000000000000000  0.000000000000000  1.000000000000000  0.000000000000000  0.993713576828698  -0.060613055811455  0.093792707726587  -0.007893837395522  0.456162245013526  0.020685414341853  1.036151100852778
2659.220663651135100  0.000000000000000  0.000000000000000  1.000000000000000  0.000000000000000  0.991938199398042  -0.093953865068592  0.015998243816667  -0.083518477048049  0.035495549544246  0.106689958261264  0.699695145520389
2607.477802374795400  0.000000000000000  0.000000000000000  1.000000000000000  0.000000000000000  0.982286518223582  0.044460379154495  -0.180194702649082  0.025813561142155  0.131397561476371  0.144813181405196  -1.042857024265554
2919.571130206274600  0.000000000000000  0.000000000000000  1.000000000000000  0.000000000000000  0.987125186652968  -0.048921765250056  -0.151734781096162  -0.012926057630268  0.629074437370722  0.000271967107594  1.147692107388111
4173.578191717781000  0.000000000000000  0.000000000000000  1.000000000000000  0.000000000000000  0.987918126657990  0.011901873259285  -0.154513730066190  -0.001275795642091  -0.078879050789914  0.024858803125952  -0.363279408316099
4509.967891579510300  0.000000000000000  0.000000000000000  1.000000000000000  0.000000000000000  0.958034586498619  -0.029381322414788  -0.284684992506735  -0.016153142326418  0.702354350260891  -0.111095758964975  2.056525085983920
2602.031129782427300  0.000000000000000  0.000000000000000  1.000000000000000  0.000000000000000  0.958234695388807  0.079908669483432  -0.274255549546744  0.013592889219016  0.627044904436925  -0.304567153436421  1.161032127385980
4308.011460485421600  0.000000000000000  0.000000000000000  1.000000000000000  0.000000000000000  0.975308630732905  -0.022391398518593  -0.219236085478054  -0.014395795030048  1.026414011725952  -0.137122546911773  1.911336833602521
3213.026619959540300  0.000000000000000  0.000000000000000  1.000000000000000  0.000000000000000  0.937021604892710  0.065534819186824  -0.342266674516532  0.023435506263681  0.207344128913523  -0.490830988419982  1.733750813425877
11690.993460091438000  0.000000000000000  0.000000000000000  1.000000000000000  0.000000000000000  0.952353117981544  -0.009877170881615  -0.304834441645296  0.001394041967820  0.573055427248034  -0.071139703559976  1.192792062956407
1315.947710850115300  0.000000000000000  0.000000000000000  1.000000000000000  0.000000000000000  0.998209671382631  -0.057891065862949  -0.014453493191414  0.004144030163688  0.825611715601427  -0.022399341047344  0.027182482685535
2266.591221720770600  0.000000000000000  0.000000000000000  1.000000000000000  0.000000000000000  0.976987297444956  -0.023918985733650  0.211845125159808  -0.006733921494905  0.891361265002199  -0.070521550027172  0.563666906640598
2136.493007700271800  0.000000000000000  0.000000000000000  1.000000000000000  0.000000000000000  0.995931130672768  -0.066464118607327  -0.056174848136248  -0.023411329126784  0.522162295314709  0.029994131207412  0.894156400647779
6717.997046756301600  0.000000000000000  0.000000000000000  1.000000000000000  0.000000000000000  0.891097410925632  -0.024685638163534  -0.453055499428781  -0.008760019830527  0.604011751639041  -0.052885695139355  1.242979713763051
2485.853066398834000  0.000000000000000  0.000000000000000  1.000000000000000  0.000000000000000  0.946386339659146  -0.011262739162205  -0.322840268466144  0.000455927445180  0.449474463628188  -0.212360591324061  1.602095279699729
2970.992537448357800  0.000000000000000  0.000000000000000  1.000000000000000  0.000000000000000  0.988220098099899  -0.003822268710782  0.152457637038827  -0.012770938957901  0.561539691388217  0.016675562680023  -0.065934276294615
2252.055943257801100  0.000000000000000  0.000000000000000  1.000000000000000  0.000000000000000  0.944920268201625  0.030682504376137  -0.325673450418606  0.011003379454344  0.478651345880915  -0.368811629329657  1.809142852435753
2584.887841886170500  0.000000000000000  0.000000000000000  1.000000000000000  0.000000000000000  0.697957322018643  0.023242284035492  -0.001139635717287  -0.715761185105626  0.193020113133507  0.267522764760602  1.902024782718517
2279.247758968707800  0.000000000000000  0.000000000000000  1.000000000000000  0.000000000000000  0.969724262492172  -0.037835287100887  -0.240797989438223  -0.014821405686220  -0.088950460711830  -0.032005941506273  1.049453498710316
1583.208133837084900  0.000000000000000  0.000000000000000  1.000000000000000  0.000000000000000  0.957201028882479  0.066112589140373  -0.281389212449668  0.014677430988945  0.752503513277483  -0.477929121537045  1.721931450567864
2191.722226725441500  0.000000000000000  0.000000000000000  1.000000000000000  0.000000000000000  0.942881516096667  0.010775778087182  -0.332801509359857  0.010073955413222  0.702898501803185  -0.187981681357956  1.530806633778509
3361.865043079372300  0.000000000000000  0.000000000000000  1.000000000000000  0.000000000000000  0.881585763011395  0.050474047210028  -0.468724505245012  0.023584978199575  0.752739599015086  -0.281426497839991  1.573633293321441
2961.317796244713000  0.000000000000000  0.000000000000000  1.000000000000000  0.000000000000000  0.981561188525197  -0.012213632351465  -0.190755460234057  -0.000902638730672  0.243554179849330  -0.012168493481825  0.539244550892690
3314.338569358062600  0.000000000000000  0.000000000000000  1.000000000000000  0.000000000000000  0.847516528637057  -0.032660465432857  -0.529695610419230  -0.008460968461244  0.495694031129530  -0.024392518467746  1.402717757943170
2853.817398796879800  0.000000000000000  0.000000000000000  1.000000000000000  0.000000000000000  0.824945789313887  0.036209842388228  -0.562209665408602  0.045536624036647  0.905006598882249  -0.345545939479211  1.900897937955331
3465.262514063920700  0.000000000000000  0.000000000000000  1.000000000000000  0.000000000000000  0.831663379879149  0.011876478604816  -0.554574855319418  0.025331831188956  1.052944456267674  -0.060859946786847  0.650134986248164
5404.486053119338100  0.000000000000000  0.000000000000000  1.000000000000000  0.000000000000000  0.991805496026738  0.001542348757561  0.127442405402599  -0.008826806708361  0.166814493197857  -0.087849904368163  1.432866801567195
2749.402708398889000  0.000000000000000  0.000000000000000  1.000000000000000  0.000000000000000  0.896717401506263  -0.034617266450486  -0.440807446989690  -0.019706379113973  0.159385431535874  -0.035288111265754  1.263264939409186
2547.144861100939100  0.000000000000000  0.000000000000000  1.000000000000000  0.000000000000000  0.984197092926657  0.007105091639272  -0.176471556808891  0.012782393553659  0.400717473475101  -0.009131684974288  -0.023541127334697
2543.445683477712000  0.000000000000000  0.000000000000000  1.000000000000000  0.000000000000000  0.940575899619566  -0.027333518069264  -0.338444369348930  0.005026400382667  0.486224599248201  -0.014955918292518  0.204237211854532
2151.924554116819800  0.000000000000000  0.000000000000000  1.000000000000000  0.000000000000000  0.998454650085812  -0.024332954187733  -0.048645715884563  0.011393567860640  0.465738388832704  -0.038883755753986  0.431549370249018
2135.386917009996100  0.000000000000000  0.000000000000000  1.000000000000000  0.000000000000000  0.984162808898275  -0.024494157366294  0.173338018809343  -0.027884280009086  0.347544781769050  -0.031312613550781  1.282843182884196
2166.799230781749900  0.000000000000000  0.000000000000000  1.000000000000000  0.000000000000000  0.957177737604440  -0.055160482268641  0.283830864884658  0.014427056843449  0.962113480337059  -0.043044638944870  0.500073262843949
2785.699338938507500  0.000000000000000  0.000000000000000  1.000000000000000  0.000000000000000  0.835321532413702  -0.021467985781087  -0.549312240722065  -0.005755455275786  -0.054058818112897  -0.045828381995908  1.345856906272784
2805.294523553371600  0.000000000000000  0.000000000000000  1.000000000000000  0.000000000000000  0.941888138143726  0.012864073883627  -0.335482761605896  0.011513795748717  0.827634583885334  0.067330257596915  -0.908572993964366
4183.194228976573000  0.000000000000000  0.000000000000000  1.000000000000000  0.000000000000000  0.896448354395232  0.004951023848946  -0.443089965507615  0.005207468808281  -0.465363215642295  -0.143400931870189  0.812816382269313
1298.146493864512200  0.000000000000000  0.000000000000000  1.000000000000000  0.000000000000000  0.754318147645784  -0.029688449667640  -0.655778656027079  -0.008779657617662  0.216804707807651  0.024254750563770  0.729392862028987
3799.467776824233600  0.000000000000000  0.000000000000000  1.000000000000000  0.000000000000000  0.933281967910805  0.008507643382851  -0.359008044018086  -0.005060899812715  1.216788482430924  -0.163789768065425  2.118459186628444
1496.610225807394000  0.000000000000000  0.000000000000000  1.000000000000000  0.000000000000000  0.988121153356382  -0.039234738633933  -0.147969634140919  -0.013498479402605  -0.348331756827504  0.006815960570426  1.250290500389625
2757.418113379304000  0.000000000000000  0.000000000000000  1.000000000000000  0.000000000000000  0.708166784632629  -0.013913503900935  -0.705900244202565  0.003326377465133  -0.616946039021221  -0.063572045600526  1.363477980567600
4604.305561695315200  0.000000000000000  0.000000000000000  1.000000000000000  0.000000000000000  0.906415734528237  -0.046082030251366  -0.419775077391116  -0.008709023414359  0.563759517850701  -0.016515392903341  1.178796925490905
3627.676383404975700  0.000000000000000  0.000000000000000  1.000000000000000  0.000000000000000  0.939305731270046  -0.025162039925909  0.341609050104698  -0.019361607282880  0.343949694595552  -0.044803242725553  1.180713269347791
2831.661334048952100  0.000000000000000  0.000000000000000  1.000000000000000  0.000000000000000  0.837006744184995  0.032880845430261  -0.544814461293881  0.038932800537372  0.735529444473225  -0.427101901204172  2.496648672818838
2565.705798739765700  0.000000000000000  0.000000000000000  1.000000000000000  0.000000000000000  0.834878839095782  -0.029936000846819  -0.549527715356384  -0.010022471679777  0.540392017710075  -0.042453331292650  0.279820660593648
2188.615391557146300  0.000000000000000  0.000000000000000  1.000000000000000  0.000000000000000  0.899493228743438  -0.035035370255359  -0.435513864050836  -0.003482598926875  0.493738153487662  0.023524126601702  0.943355334927907
2828.438500384973400  0.000000000000000  0.000000000000000  1.000000000000000  0.000000000000000  0.804029100870947  0.045758224082454  -0.591143745208764  0.044637006866865  0.563671963980540  -0.332744733878006  1.633155683452982
