2149.771186949854800  0.000000000000000  0.000000000000000  1.000000000000000  0.000000000000000  0.999999993972471  0.000009039643391  -0.000013230063186  -0.000108620015461  0.000751743554424  0.003549990206887  0.008425302012374
1916.658099526928500  0.000000000000000  0.000000000000000  1.000000000000000  0.000000000000000  0.997056002834006  -0.021981682602977  -0.069547958426109  -0.023647712814922  0.512769778859693  -0.138680475648649  -0.871886958651173
2375.917879385428900  0.000000000000000  0.000000000000000  1.000000000000000  0.000000000000000  0.982560028824502  0.115003486457696  0.145424818993947  -0.014198939380998  -2.308191548778067  2.214975498689159  3.399511118803551
2530.810001535849600  0.000000000000000  0.000000000000000  1.000000000000000  0.000000000000000  0.970630786995343  0.188226554586625  0.147784318803696  -0.024625892897030  -2.367588822079718  2.749327975492271  0.745165598624300
3238.140851535368300  0.000000000000000  0.000000000000000  1.000000000000000  0.000000000000000  0.908086291296031  0.261778167303050  0.311526650606486  -0.099008204940703  -3.515024423535801  1.175001202425608  4.512638798892693
1636.059642271103900  0.000000000000000  0.000000000000000  1.000000000000000  0.000000000000000  0.962471786355040  0.155769134236160  0.219497278506099  -0.034712850909591  -2.145201344397093  2.408431101369768  1.271904831352740
2324.681046600093400  0.000000000000000  0.000000000000000  1.000000000000000  0.000000000000000  0.975628474224573  0.124151841559306  0.180077090288282  -0.017539728417795  -2.807326453951564  2.528204669571450  1.055089130384193
1913.013069004712400  0.000000000000000  0.000000000000000  1.000000000000000  0.000000000000000  0.975537163406549  0.123277999985602  0.179490625641310  -0.030214116554098  -2.691955545286213  1.782605351899889  3.984493890197865
3390.728243580526900  0.000000000000000  0.000000000000000  1.000000000000000  0.000000000000000  0.685866135842708  0.446182718069603  0.132422932072324  0.559439713339679  2.601156730339227  3.614694640958415  2.441342337622223
1812.913529496036700  0.000000000000000  0.000000000000000  1.000000000000000  0.000000000000000  0.996941788403892  -0.044409239873289  -0.057233864618704  -0.029311681779368  0.419260714675692  -0.162321892818401  -0.754301050023951
1034.949379125583200  0.000000000000000  0.000000000000000  1.000000000000000  0.000000000000000  0.972738890792327  0.150163276370718  0.175650208128336  -0.019417650583866  -2.780603387004862  3.005299502538593  -0.455974653879832
1595.327198204459100  0.000000000000000  0.000000000000000  1.000000000000000  0.000000000000000  0.618833431169865  -0.115090526749285  0.362017526807987  -0.687562844693438  -1.443154919539250  -2.237740433528842  3.876854724274694
1560.178946231133100  0.000000000000000  0.000000000000000  1.000000000000000  0.000000000000000  0.854618935523865  0.245389253628151  0.444770590768038  -0.107655519299872  -3.503664453937409  0.701694464812180  3.924956270537298
2247.587226290967500  0.000000000000000  0.000000000000000  1.000000000000000  0.000000000000000  0.956025022604007  0.168861840411564  0.235705721260864  -0.044098162917783  -2.689240202730172  1.153264932807613  5.186013906934651
1280.097775122304300  0.000000000000000  0.000000000000000  1.000000000000000  0.000000000000000  0.685324915242521  0.299580272657785  0.117023700385946  0.653365804377684  2.221384495511637  3.573212921252659  1.389292079870054
3183.802996664233400  0.000000000000000  0.000000000000000  1.000000000000000  0.000000000000000  0.935296678798493  0.276027227207178  0.216394146916394  -0.046932564911271  -3.430416718779553  3.721757023473450  -0.116186443937250
1863.949690235389900  0.000000000000000  0.000000000000000  1.000000000000000  0.000000000000000  0.973966158631772  0.152786332375770  0.164124171742493  -0.033309378995590  -2.904189813997027  2.991707597730491  -0.205733598755321
1608.727314975855500  0.000000000000000  0.000000000000000  1.000000000000000  0.000000000000000  0.959114928124696  0.179021003767650  0.217149940937464  -0.029932223593280  -3.442875795831645  2.181291147505251  2.316171202405407
1600.354645429029000  0.000000000000000  0.000000000000000  1.000000000000000  0.000000000000000  0.969111354042878  0.158305702615804  0.188281909466706  -0.017675139378979  -3.216323526885666  2.905170395237342  -0.299905569149164
1209.146734490428600  0.000000000000000  0.000000000000000  1.000000000000000  0.000000000000000  0.961139835000450  0.212762232921216  0.171772187151258  -0.037904690197384  -3.350691500693540  2.808094867246531  -0.041038866095220
1277.311144688492500  0.000000000000000  0.000000000000000  1.000000000000000  0.000000000000000  0.962257041778457  0.208951374779336  0.170488342100085  -0.036529901910124  -2.680535734958489  3.525826023173600  -1.192600798769565
2834.315658458345800  0.000000000000000  0.000000000000000  1.000000000000000  0.000000000000000  0.975284330724870  0.143178477298214  0.165538309273398  -0.030289701946575  -1.298153194773230  2.563654096874207  1.089207274957624
3648.624577006639800  0.000000000000000  0.000000000000000  1.000000000000000  0.000000000000000  0.999632521831020  0.022645601797624  -0.003802274685350  -0.014406273779015  -0.196322791754148  -0.009236085959289  -0.182567840074016
2116.390270849740300  0.000000000000000  0.000000000000000  1.000000000000000  0.000000000000000  0.982440081280364  0.129448321281941  0.133438880630983  -0.015769716137877  -2.229328168577961  2.449798231217094  2.130634373469524
4124.416159283937300  0.000000000000000  0.000000000000000  1.000000000000000  0.000000000000000  0.985520909608207  0.098569893096452  0.136918666731392  -0.016905371941006  -2.327259700993178  2.686737959728514  1.949132076067695
1874.528632487858200  0.000000000000000  0.000000000000000  1.000000000000000  0.000000000000000  0.924466692800853  0.307076485484206  0.224832669700450  -0.022707633075478  -3.472412988419631  4.540699599968484  -0.907603550115199
1839.269863135665900  0.000000000000000  0.000000000000000  1.000000000000000  0.000000000000000  0.991934661818965  -0.063950452903804  -0.106961072545967  -0.023136447767761  0.249220223982359  -0.066314105557635  0.114552243556908
5080.683607592093700  0.000000000000000  0.000000000000000  1.000000000000000  0.000000000000000  0.993800319414642  0.037060082365249  -0.091720241699530  -0.050743203377566  0.860560542325845  0.095152621649982  -1.391953647133998
2249.775274028628700  0.000000000000000  0.000000000000000  1.000000000000000  0.000000000000000  0.945648424861084  0.156940313800534  0.282249292969643  -0.038133070687755  -1.737463474828603  0.774863116264227  6.607832045994650
1887.253977210358700  0.000000000000000  0.000000000000000  1.000000000000000  0.000000000000000  0.981730553375696  0.101179225500985  0.160663120952594  -0.012459793796107  -2.865106831296747  1.536464599058222  6.165209033178851
5558.793474420423100  0.000000000000000  0.000000000000000  1.000000000000000  0.000000000000000  0.689527683866263  0.305701179125971  0.098041698070026  0.649219675997704  1.986038183093733  4.313628331809394  6.566967410381124
1841.237256114901800  0.000000000000000  0.000000000000000  1.000000000000000  0.000000000000000  0.957352592279796  0.224772267447893  0.180435668456072  -0.019910082629117  -2.849764543107557  4.044725643456732  -0.786869663780937
2004.424770107059900  0.000000000000000  0.000000000000000  1.000000000000000  0.000000000000000  0.960763985151338  0.218611619877654  0.167581390093506  -0.032526945520839  -2.896293602383122  3.950518711042959  -0.324734287197233
1664.118052849809400  0.000000000000000  0.000000000000000  1.000000000000000  0.000000000000000  0.968371150238104  0.125325054884733  0.215410677678935  -0.012214169909252  -3.273866607762941  2.288998019172462  2.003706676827251
1581.420082336130500  0.000000000000000  0.000000000000000  1.000000000000000  0.000000000000000  0.995629661686287  -0.064471158216515  0.066631437260089  0.011193663266630  0.387223699671453  -0.964167261944113  -0.516581853248560
3601.880070956727200  0.000000000000000  0.000000000000000  1.000000000000000  0.000000000000000  0.998357667796623  -0.055323073860170  -0.007386390705228  -0.012913786536074  -0.193124188949783  0.017443143858227  -0.235092821053906
6736.996261109003200  0.000000000000000  0.000000000000000  1.000000000000000  0.000000000000000  0.993222192966800  -0.076032331708400  -0.081975846789416  -0.031760360142215  0.756178481501578  -0.246769859374276  -1.290658371241692
3540.196541730299000  0.000000000000000  0.000000000000000  1.000000000000000  0.000000000000000  0.976875874838997  0.143689173306747  0.157736716911711  -0.013640922618446  -3.161041642320891  2.544475571087546  3.104086323865428
1852.538089626749100  0.000000000000000  0.000000000000000  1.000000000000000  0.000000000000000  0.970629630826544  0.164359797113358  0.171599119253916  -0.037652611140057  -2.634236009416454  2.878717452347932  -0.258249494489613
2657.025211316799000  0.000000000000000  0.000000000000000  1.000000000000000  0.000000000000000  0.950148176035823  0.180953975411616  0.252130413711846  -0.030072526332582  -3.850611026048148  2.769266258185414  1.932260591527587
1360.013271691841100  0.000000000000000  0.000000000000000  1.000000000000000  0.000000000000000  0.937198906891043  0.281745867036549  0.198774828152806  -0.052593184186539  -3.215920303668733  4.242837754369460  -1.299035588985223
1496.892187599261000  0.000000000000000  0.000000000000000  1.000000000000000  0.000000000000000  0.947566856482062  0.009662967052351  -0.314189168632124  -0.057522568429301  0.174913937400780  -0.116355072669832  -0.425834737840702
2361.541166384183700  0.000000000000000  0.000000000000000  1.000000000000000  0.000000000000000  0.689197734522078  -0.023718922688717  0.191016112010896  -0.698539004199739  -2.494168205639917  -2.501050770503909  1.931390915484164
1220.636038605209500  0.000000000000000  0.000000000000000  1.000000000000000  0.000000000000000  0.928697943079190  0.181612520481123  0.319411012162292  -0.050136097120093  -2.178560322264363  1.660299959397180  3.348541880161040
4206.289449290146000  0.000000000000000  0.000000000000000  1.000000000000000  0.000000000000000  0.978781355784252  0.171636628479546  0.111489463819237  -0.009900746972554  -1.851130670257415  2.180441176968293  3.003912039033295
2067.560555810896400  0.000000000000000  0.000000000000000  1.000000000000000  0.000000000000000  0.951547967374923  0.247570779348670  0.178483243254794  -0.037535408277991  -2.979311630413611  3.817033555790866  -0.740893360523718
1882.224284096994100  0.000000000000000  0.000000000000000  1.000000000000000  0.000000000000000  0.898857034944401  0.235819413306673  0.361397218221845  -0.076402131515870  -2.527910775888176  0.882051223372599  4.593058202286930
2446.469317149253100  0.000000000000000  0.000000000000000  1.000000000000000  0.000000000000000  0.975228067071916  0.136592051560044  0.173721704068344  -0.009674615309370  -2.431326200598600  2.563621682839394  1.342433069353786
3406.493409947065200  0.000000000000000  0.000000000000000  1.000000000000000  0.000000000000000  0.947782290596756  0.227435232072448  0.216622651084356  -0.055286272079997  -3.456894194625030  3.184711127094301  0.208082858815117
2692.376534163699500  0.000000000000000  0.000000000000000  1.000000000000000  0.000000000000000  0.998548155875168  -0.047123568922229  0.022052574959492  -0.013951114220361  0.852524479289963  -0.895427239306419  1.854196007889398
4536.171806909097500  0.000000000000000  0.000000000000000  1.000000000000000  0.000000000000000  0.943380724241213  0.163740434854479  0.286212025875200  -0.036118629101950  -4.766749359761421  1.472413768459101  6.979634940345642
5043.189999912058700  0.000000000000000  0.000000000000000  1.000000000000000  0.000000000000000  0.953035761549186  0.195940498626533  0.226998994621521  -0.042445431405127  -3.549497844730595  2.263345921928325  3.338245130717978
